R4:alt	R4:ref	R5:alt	R5:ref	R6:alt	R6:ref	R7:alt	R7:ref	R1:alt	R1:ref	R2:alt	R2:ref	R3:alt	R3:ref	R8:alt	R8:ref
0	106	4	104	13	92	4	81	17	81	6	76	16	80	12	95
0	106	2	93	8	93	4	91	20	69	13	80	11	84	9	100
4	98	6	110	1	86	9	84	1	99	3	85	2	87	1	104
11	108	6	90	3	84	17	87	0	103	0	99	7	80	2	89
4	97	5	102	2	92	12	111	0	89	1	110	7	93	3	100
2	87	9	87	6	87	2	108	1	90	3	101	0	104	24	80
2	89	22	83	7	102	2	88	3	97	1	108	2	106	9	91
0	110	19	88	2	91	0	95	3	92	1	100	4	102	12	88
6	110	5	102	0	111	5	89	0	101	0	93	0	93	0	102
7	87	4	94	2	98	4	96	1	117	0	88	0	106	0	105
0	91	0	98	8	91	2	119	15	79	0	94	3	104	5	85
12	91	1	90	0	104	0	86	0	91	14	101	7	88	1	103
3	97	0	101	6	104	9	83	0	119	12	99	2	86	0	102
6	86	5	102	7	102	14	101	0	100	1	106	2	103	0	101
0	111	0	97	0	86	1	105	14	95	1	89	9	98	6	83
0	105	2	91	2	106	3	98	10	79	2	105	11	95	5	98
21	68	18	90	29	78	48	60	34	56	31	78	30	69	19	81
1	89	7	97	1	88	0	92	3	103	2	93	4	91	6	100
10	88	4	86	0	102	0	101	0	105	5	96	0	92	0	95
7	106	0	104	2	100	0	95	0	93	9	90	0	103	4	107
14	75	0	108	0	112	0	111	0	100	12	84	0	101	1	100
17	70	12	101	10	82	7	91	7	104	22	79	13	88	1	88
34	61	8	96	8	96	7	99	6	98	16	66	21	99	2	100
37	72	8	71	13	71	7	72	10	89	21	66	14	80	5	90
25	65	8	125	1	97	1	106	0	88	30	69	2	113	0	109
1	98	3	91	10	102	8	79	8	86	0	100	10	88	2	95
