R4:alt	R4:ref	R5:alt	R5:ref	R6:alt	R6:ref	R7:alt	R7:ref	R1:alt	R1:ref	R2:alt	R2:ref	R3:alt	R3:ref	R8:alt	R8:ref
14	75	1	99	2	101	0	112	3	119	4	102	0	94	27	68
14	76	1	106	3	97	0	104	3	104	2	94	1	77	16	61
20	103	0	87	4	115	0	98	5	86	7	86	1	89	16	80
7	102	3	107	17	90	10	93	18	87	15	81	0	99	13	94
10	88	2	118	15	80	9	85	20	82	14	76	2	95	10	87
0	95	25	80	0	78	0	106	0	92	5	100	17	87	1	86
0	100	21	74	0	107	2	88	2	102	3	101	10	99	2	105
0	97	23	79	0	110	0	108	2	99	3	82	9	83	2	97
1	112	1	90	14	86	11	71	2	103	6	97	10	87	1	92
4	104	0	97	16	82	0	101	0	91	18	80	0	107	4	109
9	81	6	94	8	89	1	100	1	99	8	96	0	93	0	102
9	94	2	91	8	97	1	94	1	107	5	79	1	94	0	104
10	79	7	106	14	90	2	96	2	98	7	69	1	93	0	103
0	99	1	97	10	104	6	105	0	102	7	89	1	114	2	93
1	86	0	99	11	63	5	102	1	110	15	85	1	104	6	95
8	105	43	70	1	78	10	72	38	64	9	74	27	76	17	90
1	101	4	93	1	106	14	89	6	82	2	96	5	109	0	96
14	91	0	100	2	92	0	111	2	104	2	86	0	95	15	95
0	93	18	86	0	96	0	99	0	101	2	122	5	100	3	90
51	56	7	90	45	37	37	62	29	60	26	83	23	75	34	73
41	63	7	78	52	54	35	63	21	81	40	49	22	67	32	71
40	71	5	103	52	50	38	67	30	74	34	64	20	73	38	56
4	79	0	109	2	93	2	103	11	97	0	100	1	99	2	114
0	99	2	87	2	106	8	82	0	95	8	88	4	104	4	102
0	99	0	110	2	100	5	103	0	108	9	89	1	104	4	93
3	118	26	67	0	96	3	111	10	74	13	99	24	75	8	93
0	85	26	73	0	91	1	107	6	73	12	82	20	78	9	71
0	99	28	88	0	96	0	91	14	89	9	81	24	70	7	101
1	92	0	94	20	93	23	68	7	100	5	97	26	72	1	92
6	80	1	89	13	80	28	92	7	97	3	90	16	74	1	86
