R4:alt	R4:ref	R5:alt	R5:ref	R6:alt	R6:ref	R7:alt	R7:ref	R1:alt	R1:ref	R2:alt	R2:ref	R3:alt	R3:ref	R8:alt	R8:ref
7	85	5	89	4	91	4	97	11	92	9	78	12	98	6	74
6	121	4	101	23	93	16	75	7	75	4	98	0	95	9	92
5	77	4	104	25	88	9	89	10	101	3	101	4	87	8	91
4	104	4	97	20	81	17	77	9	105	3	120	5	92	8	87
0	89	0	101	13	95	5	90	14	85	0	105	3	110	12	76
1	102	1	110	15	105	3	101	21	65	1	101	1	90	8	114
0	92	7	100	1	98	2	99	7	101	2	95	6	96	7	78
1	88	2	100	2	101	2	108	7	86	0	96	3	93	4	101
0	97	5	89	3	99	0	114	14	115	3	104	1	88	8	89
37	71	27	82	20	88	27	60	21	90	46	55	36	71	15	95
32	58	15	84	15	93	31	86	17	97	42	63	35	63	12	70
16	70	3	94	6	99	0	82	0	112	4	85	8	99	0	93
18	92	4	103	3	105	0	88	0	93	2	91	4	94	0	123
6	88	3	101	0	75	5	90	0	98	15	85	4	88	1	99
1	92	2	77	17	95	13	85	2	105	1	99	1	99	16	89
3	92	11	90	0	106	1	112	6	81	0	96	3	88	3	102
2	95	17	98	0	106	1	93	4	121	0	102	3	96	4	88
7	89	16	98	0	98	1	99	4	96	0	102	9	98	2	93
6	109	11	94	7	105	0	110	9	85	0	112	6	103	5	97
1	92	8	100	5	93	0	108	6	90	0	107	2	109	5	104
6	122	12	90	7	95	0	108	10	95	0	93	6	103	3	92
11	106	30	67	36	47	19	75	33	62	9	106	11	81	34	49
0	99	2	82	2	96	13	83	0	90	2	94	6	113	1	109
0	100	2	78	0	105	10	84	0	93	2	108	11	97	0	93
0	84	3	96	0	112	2	78	0	103	3	100	9	115	0	78
0	99	2	86	6	90	9	83	0	88	0	98	1	104	4	95
1	95	3	98	1	74	0	106	1	101	7	111	8	107	2	117
4	91	3	90	16	80	23	78	13	99	5	95	2	94	16	67
9	77	0	93	1	100	13	86	1	98	1	105	0	93	0	89
23	94	7	82	2	92	1	97	2	105	9	77	7	89	2	114
23	73	6	88	1	102	3	109	1	118	16	89	6	98	1	108
