R4:alt	R4:ref	R5:alt	R5:ref	R6:alt	R6:ref	R7:alt	R7:ref	R1:alt	R1:ref	R2:alt	R2:ref	R3:alt	R3:ref	R8:alt	R8:ref
17	89	16	77	5	74	7	106	0	91	9	111	2	108	0	110
1	102	2	105	9	88	2	108	6	96	0	111	6	94	11	93
0	95	0	96	6	86	4	92	0	103	2	108	4	97	11	91
3	97	0	111	4	113	1	99	1	104	2	97	2	83	8	77
4	92	2	92	14	90	2	102	9	94	3	102	15	100	2	110
2	98	4	97	9	78	2	103	6	77	2	87	7	94	0	91
1	89	6	93	2	92	7	97	2	92	2	90	2	97	4	89
0	93	8	91	0	106	10	83	3	92	2	113	7	109	1	108
1	101	5	88	2	82	12	86	1	112	2	93	8	84	2	118
3	96	2	86	1	93	15	93	1	105	0	102	5	98	1	89
3	96	2	86	2	91	7	106	1	89	0	90	11	95	3	107
13	89	2	126	0	110	0	93	0	112	8	99	0	93	6	88
46	61	24	56	16	82	39	63	9	82	44	46	14	75	31	98
40	62	19	65	12	84	51	52	12	93	54	54	20	85	28	74
3	115	0	95	0	100	2	121	1	92	19	83	2	93	9	85
13	82	19	78	5	99	2	102	2	111	0	83	0	92	1	100
10	85	19	60	7	110	4	91	2	91	2	82	0	97	2	77
2	96	8	100	0	99	8	91	2	91	3	93	2	97	1	102
1	95	0	106	3	84	2	103	5	98	0	115	11	85	0	99
0	99	0	86	3	82	2	88	3	79	0	110	6	79	0	98
0	101	0	119	3	88	1	109	11	86	0	108	16	80	0	87
1	118	0	97	4	106	1	89	3	102	0	103	11	69	0	112
0	114	0	96	5	114	1	112	3	109	0	69	3	99	16	95
1	88	3	123	1	98	2	95	4	107	0	97	4	109	18	82
1	112	4	89	6	86	2	96	1	96	6	99	3	94	2	94
1	133	10	86	2	99	5	96	2	106	4	92	4	73	2	95
7	85	6	93	4	101	3	106	0	83	1	93	0	100	0	107
6	95	11	100	2	101	3	96	2	88	0	119	0	109	2	88
22	89	9	96	0	107	26	76	0	82	20	78	12	89	10	82
1	95	7	94	1	101	1	90	0	101	5	96	4	103	0	96
2	102	9	94	5	114	7	98	1	114	6	91	4	88	0	74
1	104	8	94	2	100	2	90	0	95	5	91	2	90	0	83
5	91	1	96	6	89	9	81	5	106	2	98	22	97	12	91
0	100	2	95	1	107	0	86	15	95	0	95	0	91	7	93
10	90	5	84	2	105	9	94	1	90	9	101	7	104	3	110
