R4:alt	R4:ref	R5:alt	R5:ref	R6:alt	R6:ref	R7:alt	R7:ref	R1:alt	R1:ref	R2:alt	R2:ref	R3:alt	R3:ref	R8:alt	R8:ref
0	105	11	107	0	99	2	93	6	91	6	103	14	67	4	75
1	101	0	93	21	86	6	96	7	97	17	82	0	107	2	100
9	80	13	74	8	103	12	95	0	104	3	84	5	101	0	102
2	112	3	98	2	102	1	96	1	89	13	93	4	90	21	69
1	107	0	116	1	119	3	98	0	94	6	79	7	88	17	79
1	83	2	101	2	96	1	94	4	103	15	92	4	101	18	77
2	110	3	105	1	103	1	118	5	84	17	75	4	110	18	91
2	88	1	106	2	111	1	98	2	106	10	75	5	104	21	88
1	100	0	85	1	96	1	106	1	107	5	83	4	99	26	85
0	98	0	90	21	82	1	101	5	90	8	101	7	103	2	106
0	67	0	83	23	79	5	87	2	90	11	87	2	81	1	87
5	78	0	95	0	106	0	103	13	72	0	88	1	108	9	78
16	75	0	82	0	103	0	97	12	99	2	91	2	99	11	79
8	72	0	102	0	108	0	98	6	98	0	102	2	102	10	89
13	85	0	115	0	100	0	106	8	93	0	98	1	77	12	81
3	94	8	96	4	106	16	91	7	90	2	102	0	121	3	89
4	101	3	101	8	84	18	90	10	78	7	87	0	83	3	105
4	99	26	61	32	89	24	82	24	80	16	88	43	69	14	112
7	96	30	80	23	61	37	65	20	91	14	81	50	62	7	70
4	100	8	102	2	106	3	81	0	98	1	91	1	98	0	115
0	111	7	89	3	93	8	87	0	111	0	108	4	116	0	99
0	116	9	94	2	99	7	88	0	85	0	117	3	85	0	99
0	98	0	92	9	89	5	99	6	107	9	83	0	89	2	94
3	96	3	102	0	108	5	115	4	67	6	95	7	82	5	107
0	108	0	87	9	92	0	99	0	101	10	87	5	85	5	107
0	95	0	83	0	105	1	111	2	91	10	98	3	74	3	106
2	109	3	95	4	94	12	94	10	91	5	96	0	88	0	109
3	107	2	97	3	112	14	71	9	89	1	99	1	92	0	90
4	116	1	109	2	88	12	93	7	93	4	108	2	82	0	102
0	74	4	70	6	82	0	98	0	97	1	99	9	87	2	79
38	61	16	81	2	84	15	97	30	64	7	101	1	109	18	92
0	115	5	85	19	70	4	117	10	109	28	91	14	103	24	79
5	96	22	89	14	88	28	93	12	90	0	98	25	91	4	104
4	106	3	94	10	74	7	84	12	89	17	84	19	89	13	76
0	109	4	112	5	82	0	94	1	96	1	105	14	92	2	91
0	85	4	107	5	86	0	89	5	101	0	106	8	99	1	102
18	73	7	98	0	125	1	89	11	107	1	89	3	82	14	81
