R4:alt	R4:ref	R5:alt	R5:ref	R6:alt	R6:ref	R7:alt	R7:ref	R1:alt	R1:ref	R2:alt	R2:ref	R3:alt	R3:ref	R8:alt	R8:ref
3	104	7	92	2	96	21	68	0	99	8	97	21	74	4	95
4	92	14	67	4	98	2	109	12	105	4	108	0	92	7	99
1	100	11	87	1	88	3	102	8	93	5	97	1	96	2	100
0	107	8	103	3	86	13	99	0	95	2	89	5	90	0	89
0	103	5	83	0	100	22	73	0	105	2	105	4	95	1	106
10	100	0	102	0	99	0	89	3	115	2	84	3	104	8	85
10	101	0	90	0	99	0	97	1	97	5	101	4	103	13	99
54	48	19	77	21	63	49	54	21	71	33	68	44	54	46	56
49	49	19	77	28	84	26	46	18	55	24	70	46	54	42	51
43	65	36	62	22	81	42	57	23	79	31	66	59	47	46	50
6	95	2	81	11	93	1	102	8	101	2	104	4	93	2	83
0	106	6	82	2	85	6	113	10	84	3	93	0	91	0	105
5	86	30	78	18	66	8	70	26	71	18	82	3	108	4	86
5	94	0	95	0	104	3	110	0	93	7	106	14	74	0	95
5	101	0	111	1	120	4	97	0	111	15	97	12	92	2	84
2	112	0	104	0	91	6	106	0	85	9	90	21	69	2	99
5	111	0	102	0	102	3	89	0	97	7	92	9	96	1	99
0	92	0	107	0	110	2	104	0	87	5	94	10	86	0	95
15	86	9	89	7	86	32	87	3	96	22	77	36	80	22	76
4	84	4	115	8	88	0	104	11	91	1	94	3	97	4	83
9	84	5	100	18	67	4	89	8	86	7	97	5	103	3	115
1	89	20	64	6	91	6	98	15	88	5	90	1	98	4	102
