R4:alt	R4:ref	R5:alt	R5:ref	R6:alt	R6:ref	R7:alt	R7:ref	R1:alt	R1:ref	R2:alt	R2:ref	R3:alt	R3:ref	R8:alt	R8:ref
1	114	21	70	6	93	12	92	9	79	4	107	2	111	1	94
1	94	18	82	11	106	11	88	6	103	3	91	1	99	4	101
0	90	1	88	14	81	15	94	2	101	3	84	0	90	2	79
1	104	3	97	22	100	4	98	3	84	2	100	0	101	2	84
7	81	2	111	1	100	2	94	4	109	2	109	4	80	11	71
0	126	4	87	2	102	2	106	8	91	3	91	7	93	4	91
0	98	5	90	2	100	0	90	3	93	0	92	10	99	2	81
0	119	11	115	0	93	0	102	6	76	0	107	12	102	5	98
0	112	4	96	2	112	0	96	11	85	0	104	11	89	2	100
9	130	3	87	9	99	14	71	3	91	13	95	1	97	7	102
4	102	5	102	1	88	13	95	0	99	1	79	0	97	11	100
18	89	35	44	28	68	35	57	32	81	28	62	14	87	30	65
1	97	16	71	6	81	2	93	8	93	5	99	2	105	3	98
0	102	22	69	5	106	3	82	6	102	2	107	1	89	3	105
5	94	3	104	1	98	9	82	0	107	3	102	3	89	9	81
1	95	4	99	11	80	3	87	0	111	7	98	0	119	0	123
2	92	1	108	15	87	3	116	0	107	8	92	0	87	0	106
3	83	0	123	0	95	0	88	13	94	1	74	1	125	0	95
3	97	0	107	0	106	0	109	10	86	5	96	2	82	0	115
2	83	0	78	0	76	0	118	19	86	0	95	0	86	0	91
1	97	3	89	3	102	7	87	0	103	7	93	0	114	3	99
10	96	0	102	0	104	0	115	1	98	0	113	7	95	1	102
4	109	1	100	0	101	3	95	2	90	13	91	1	95	3	88
6	91	0	105	2	103	0	97	2	94	5	105	9	88	7	75
10	92	3	87	0	107	1	81	3	97	1	110	7	74	5	94
0	110	18	81	2	92	1	102	9	86	4	104	8	92	6	90
3	111	10	81	5	101	4	98	19	88	3	97	13	76	3	93
1	105	9	92	3	87	2	110	18	103	3	103	7	75	5	80
1	113	11	94	5	96	3	93	5	127	0	96	3	84	3	110
1	100	10	89	3	105	3	98	0	98	2	75	3	80	3	100
8	93	26	73	33	68	47	63	7	80	32	67	1	100	28	61
30	69	1	94	7	92	2	124	4	83	14	91	25	81	12	88
29	90	1	91	2	85	2	86	5	75	8	94	28	68	9	85
2	98	22	79	20	73	25	89	8	81	5	105	3	83	5	111
1	97	21	78	22	69	18	96	11	86	0	104	1	111	3	110
7	80	9	88	11	74	29	72	1	112	20	63	1	86	22	75
