R4:alt	R4:ref	R5:alt	R5:ref	R6:alt	R6:ref	R7:alt	R7:ref	R1:alt	R1:ref	R2:alt	R2:ref	R3:alt	R3:ref	R8:alt	R8:ref
2	83	18	69	7	95	17	81	0	107	4	88	15	95	16	75
3	86	19	83	7	85	19	85	0	108	4	101	6	78	12	95
0	106	11	98	1	95	3	110	1	113	0	104	2	85	5	91
13	89	0	95	4	98	4	84	0	100	0	82	2	110	0	104
4	92	5	76	7	103	2	108	7	101	0	108	1	96	18	82
2	99	3	92	0	98	2	103	2	84	6	96	15	99	3	94
0	79	4	88	14	85	4	105	0	88	2	95	3	87	1	117
0	125	6	96	10	91	0	84	4	97	0	93	0	89	0	97
0	112	3	90	15	85	0	81	6	115	0	124	0	99	0	100
0	99	0	97	3	88	1	103	29	97	4	90	0	105	0	104
0	92	0	100	1	117	1	98	21	69	2	92	0	91	0	112
3	91	0	120	1	95	7	97	1	93	6	94	15	76	0	99
1	85	0	106	2	106	1	115	5	91	3	102	18	87	2	110
48	64	2	85	14	73	20	94	17	79	53	67	21	84	10	101
5	110	29	84	36	81	23	94	2	109	2	90	12	81	22	61
2	99	28	61	29	72	11	78	4	100	6	98	10	79	20	98
1	87	27	66	31	78	17	78	2	92	1	91	8	96	22	73
7	96	12	96	13	87	5	90	34	75	9	93	21	90	32	69
20	86	2	109	4	96	14	72	3	108	6	89	13	87	4	91
12	82	4	88	1	75	25	81	5	94	13	84	11	69	2	95
16	85	5	99	3	93	16	65	9	112	12	81	13	85	2	74
21	87	1	84	6	86	4	103	16	85	20	68	5	123	5	91
3	128	4	81	8	87	2	110	19	60	0	94	5	96	6	87
8	100	0	103	4	92	0	79	25	92	5	86	5	104	3	107
2	111	1	96	8	90	6	106	23	71	3	89	3	79	2	97
9	78	13	88	4	94	4	78	10	71	10	88	12	83	22	86
7	98	8	78	14	80	5	98	6	91	6	87	11	87	9	81
