R4:alt	R4:ref	R5:alt	R5:ref	R6:alt	R6:ref	R7:alt	R7:ref	R1:alt	R1:ref	R2:alt	R2:ref	R3:alt	R3:ref	R8:alt	R8:ref
5	99	6	111	1	104	3	93	0	104	2	96	1	102	8	91
10	73	4	71	9	82	16	82	0	106	9	90	17	89	2	92
15	84	10	83	6	96	14	88	0	85	9	81	9	85	2	102
11	91	0	105	11	84	1	91	0	93	4	99	9	77	0	99
4	91	0	102	21	69	0	98	0	103	2	95	16	69	0	96
6	93	2	91	5	88	5	100	25	81	7	90	2	81	8	89
9	83	1	80	11	83	3	100	14	67	6	95	0	92	12	88
6	86	0	95	0	121	0	111	13	70	2	100	0	84	5	91
6	91	2	100	0	87	0	68	13	77	3	107	0	98	14	91
25	67	27	69	20	80	10	72	40	67	21	72	7	98	49	57
23	70	26	82	7	102	15	101	45	62	30	71	6	91	37	57
28	85	27	70	17	80	15	84	39	57	31	79	8	73	44	58
0	96	0	93	0	85	12	97	0	87	3	89	5	101	0	90
0	101	0	112	0	105	14	79	0	72	3	87	4	91	0	97
3	87	4	111	0	108	0	107	16	88	6	88	0	99	7	84
2	112	0	94	11	103	2	113	0	88	0	111	17	92	0	98
21	81	27	78	39	75	34	62	5	76	28	79	39	59	4	99
0	99	13	90	0	102	0	100	4	88	8	89	0	98	6	94
6	97	1	106	0	89	0	96	3	97	1	91	0	118	8	96
6	76	1	91	0	101	0	105	4	92	0	102	0	101	7	88
2	94	5	86	0	121	3	88	1	107	4	79	0	110	0	104
16	73	13	80	4	86	35	78	2	102	11	78	27	76	1	90
2	111	4	114	0	119	9	94	1	100	1	113	4	103	4	110
9	82	0	120	24	88	4	88	0	81	12	92	17	80	6	92
9	94	0	95	33	72	3	96	0	92	7	80	19	76	4	96
8	97	0	96	30	69	1	97	0	102	12	105	15	78	7	98
6	92	0	108	25	51	2	78	0	107	9	92	19	81	2	102
1	97	14	91	3	102	0	102	6	96	4	86	4	93	5	80
