R4:alt	R4:ref	R5:alt	R5:ref	R6:alt	R6:ref	R7:alt	R7:ref	R1:alt	R1:ref	R2:alt	R2:ref	R3:alt	R3:ref	R8:alt	R8:ref
11	94	0	109	14	99	14	72	12	97	3	120	15	72	11	94
10	95	5	83	5	81	11	83	6	87	8	85	12	84	7	83
6	91	1	89	9	90	13	73	12	77	6	106	13	110	11	91
18	94	6	90	8	89	1	104	3	102	1	87	11	94	17	75
11	78	11	92	12	86	2	105	11	77	0	103	7	79	13	103
15	81	6	93	4	96	0	101	9	103	2	97	9	82	13	73
1	113	1	93	20	85	12	103	4	97	4	90	11	90	2	96
3	93	2	106	27	81	7	76	4	101	3	89	12	88	1	107
3	113	3	103	9	73	6	110	4	80	7	87	6	97	10	93
4	93	0	83	4	93	6	91	6	92	0	100	9	104	0	114
48	54	24	75	50	58	38	52	29	74	31	56	47	51	45	58
0	98	17	97	0	74	0	96	10	65	0	95	0	111	1	90
0	109	15	75	0	97	0	89	19	78	0	108	1	85	3	91
4	86	3	92	2	99	9	98	2	106	4	92	2	113	0	103
0	109	0	105	7	82	4	92	0	119	4	111	1	85	7	86
1	107	1	105	3	98	8	107	1	114	21	60	0	113	4	99
0	112	7	89	0	86	0	98	4	89	5	97	0	98	0	111
5	100	0	101	8	104	2	79	2	114	4	77	7	89	7	109
3	110	1	107	6	97	10	102	1	96	8	88	6	106	5	108
6	80	4	93	6	97	3	97	4	102	4	93	6	105	5	94
26	76	8	92	19	82	10	74	22	73	9	92	21	53	12	81
1	78	2	107	8	84	4	98	2	105	1	108	0	89	0	83
11	86	17	88	22	78	24	78	8	98	34	68	20	70	20	94
11	102	6	78	14	85	20	84	7	98	29	69	17	92	8	99
6	89	25	74	1	100	1	97	14	94	2	103	4	83	1	89
19	87	29	72	0	109	0	90	26	96	2	101	4	99	2	91
16	71	31	79	0	97	0	95	13	83	1	96	6	86	4	102
