R4:alt	R4:ref	R5:alt	R5:ref	R6:alt	R6:ref	R7:alt	R7:ref	R1:alt	R1:ref	R2:alt	R2:ref	R3:alt	R3:ref	R8:alt	R8:ref
3	84	5	97	7	94	13	90	15	82	9	97	19	78	0	103
2	89	8	86	10	80	19	67	22	89	5	82	26	80	0	114
4	95	4	96	6	87	13	90	9	93	5	74	21	84	0	97
0	112	9	88	3	86	1	95	14	85	0	90	13	68	0	102
0	100	8	93	1	106	0	97	13	76	1	102	12	84	0	93
22	76	2	102	0	87	3	101	0	129	4	101	0	78	7	86
19	82	0	101	1	85	2	99	0	90	2	97	0	106	16	89
12	88	3	117	1	86	2	119	0	111	0	99	0	90	10	78
0	84	22	72	5	100	1	109	4	103	6	96	0	97	4	82
0	102	22	76	9	97	2	90	2	92	5	106	0	86	1	99
0	84	30	64	7	90	4	89	5	100	9	100	0	107	3	66
0	98	2	107	7	109	0	95	0	104	5	92	0	94	9	87
3	87	4	84	4	91	0	81	0	92	6	95	2	108	11	85
2	87	1	86	6	82	1	107	0	87	3	102	1	97	9	97
4	107	4	108	2	97	0	85	0	101	3	106	0	108	15	71
6	100	50	55	21	75	31	87	34	67	23	69	40	65	6	84
3	99	0	91	4	83	14	82	1	91	4	83	1	101	3	97
3	96	2	93	2	98	9	93	2	106	3	101	2	97	2	99
4	101	18	63	6	84	20	86	13	76	20	90	3	114	7	93
0	96	15	97	9	100	15	79	21	67	8	89	31	70	0	92
0	102	0	112	1	103	8	93	3	112	7	95	1	112	0	96
0	104	0	111	1	96	4	89	6	109	9	84	6	77	0	94
0	98	11	97	9	99	3	102	0	105	7	72	5	96	31	89
4	105	1	106	14	105	6	92	10	83	1	93	8	92	2	120
