R4:alt	R4:ref	R5:alt	R5:ref	R6:alt	R6:ref	R7:alt	R7:ref	R1:alt	R1:ref	R2:alt	R2:ref	R3:alt	R3:ref	R8:alt	R8:ref
6	91	0	90	16	96	12	87	3	78	3	106	10	110	1	99
10	85	0	100	20	94	23	77	5	98	1	101	8	101	1	102
8	83	0	103	16	91	15	80	0	88	5	88	11	71	2	100
1	110	0	103	1	87	2	92	6	91	1	94	22	98	0	115
1	110	0	82	10	89	3	91	4	92	1	100	21	79	0	102
15	106	12	111	4	86	4	96	8	87	0	96	11	100	2	94
7	105	0	125	5	88	6	99	2	88	1	95	6	86	0	82
5	88	7	113	0	99	0	96	3	105	1	109	3	89	17	86
4	102	5	113	1	106	1	104	0	108	0	104	3	103	14	108
6	80	2	109	1	104	3	97	1	91	3	106	3	84	15	103
1	99	3	124	11	92	7	101	2	109	10	89	2	90	4	103
24	80	51	54	22	96	26	70	27	63	29	49	13	86	48	58
30	74	36	43	10	72	26	65	19	69	37	59	11	85	49	56
20	91	41	66	20	94	24	53	32	71	45	64	7	89	33	43
5	125	3	99	1	89	7	104	2	105	0	98	9	102	6	93
4	95	9	79	1	109	5	99	1	116	0	110	4	74	7	99
0	87	16	77	0	103	3	95	1	104	2	101	3	111	14	100
1	93	22	83	0	98	5	82	0	106	7	99	0	86	13	86
0	110	11	74	0	96	1	92	2	83	1	86	0	98	17	93
8	109	18	88	0	94	0	93	3	108	15	72	0	106	2	104
5	101	16	85	0	98	0	91	2	96	7	88	0	91	0	86
7	89	0	90	7	110	1	106	1	95	3	99	2	98	0	78
2	104	0	99	10	84	1	106	0	103	6	105	6	95	1	97
32	60	14	96	27	56	19	80	33	97	8	81	36	55	4	86
31	67	8	98	34	62	25	82	25	81	16	85	28	57	8	90
7	93	6	101	0	93	5	113	4	99	0	93	1	91	1	87
20	74	32	53	1	89	6	86	19	74	23	83	1	88	17	79
0	93	0	103	6	79	5	100	1	99	2	99	1	93	1	93
2	107	0	90	9	100	6	85	2	91	0	95	1	104	2	85
1	105	0	89	7	90	5	100	2	96	0	115	0	92	3	75
4	74	14	88	0	110	0	101	3	96	3	88	0	110	0	97
8	89	17	78	13	96	32	72	3	105	13	84	7	103	25	91
8	95	10	76	19	91	18	69	2	103	12	75	14	87	35	58
15	84	1	99	22	61	12	87	5	79	9	87	10	87	5	85
2	66	6	88	3	86	12	84	5	99	10	102	4	93	9	89
8	97	2	99	9	113	20	98	1	95	9	94	3	85	14	68
