R4:alt	R4:ref	R5:alt	R5:ref	R6:alt	R6:ref	R7:alt	R7:ref	R1:alt	R1:ref	R2:alt	R2:ref	R3:alt	R3:ref	R8:alt	R8:ref
12	94	11	95	5	100	0	89	2	87	7	84	1	93	3	111
14	94	5	98	7	97	2	90	0	102	4	89	3	94	1	85
11	94	7	120	2	87	2	94	4	107	8	100	8	97	2	93
0	88	1	110	27	77	16	90	7	93	1	82	12	85	4	96
0	95	3	101	18	79	12	87	4	81	0	94	15	85	3	92
0	125	4	87	24	80	13	87	2	111	0	98	10	66	1	98
33	69	10	72	54	71	43	68	30	78	21	73	57	53	26	66
35	70	21	93	49	49	27	51	38	59	20	84	45	55	25	64
6	72	7	86	9	90	6	103	1	98	1	87	1	94	0	103
23	73	1	105	0	97	0	97	1	93	7	87	7	101	2	98
15	77	1	95	1	90	2	101	1	87	4	96	4	88	0	88
0	97	1	118	0	102	10	109	15	78	6	96	0	112	7	88
0	103	0	112	0	92	1	87	6	102	3	114	8	82	4	86
19	78	43	66	14	105	9	82	20	92	36	81	8	93	20	102
1	97	13	88	0	117	0	109	1	113	10	88	0	98	3	99
5	97	9	100	2	81	0	106	6	105	13	104	0	103	0	102
31	69	7	92	20	89	5	79	18	82	9	102	17	72	6	78
7	118	0	111	11	90	0	93	2	107	0	99	1	113	3	103
1	106	5	93	28	68	32	62	19	97	6	90	30	66	33	65
2	90	11	87	19	79	29	87	15	64	13	85	18	75	29	53
4	99	10	90	22	70	23	85	14	81	6	92	25	66	24	71
16	86	23	86	9	88	1	92	5	106	12	80	7	79	2	104
4	96	32	86	0	93	9	85	15	69	31	87	3	106	9	97
1	99	4	90	9	98	6	102	3	100	3	100	11	81	9	88
39	66	7	96	7	97	5	93	10	97	10	77	2	83	0	94
