R4:alt	R4:ref	R5:alt	R5:ref	R6:alt	R6:ref	R7:alt	R7:ref	R1:alt	R1:ref	R2:alt	R2:ref	R3:alt	R3:ref	R8:alt	R8:ref
1	95	12	90	9	98	1	105	16	68	3	88	4	68	2	94
2	96	7	80	5	99	1	95	19	77	2	85	6	93	4	104
5	109	0	100	6	98	3	75	6	100	3	92	7	112	8	82
1	82	1	109	7	94	8	92	10	83	6	99	12	83	6	81
16	74	5	94	22	69	17	82	3	99	4	95	8	78	4	101
19	94	6	91	17	95	10	91	0	99	6	87	3	90	10	85
0	106	3	101	4	104	9	85	0	92	20	82	11	87	9	94
3	97	10	87	10	85	3	82	3	98	0	105	2	85	0	109
1	101	6	115	7	98	3	96	4	101	0	106	0	99	0	101
17	64	7	91	28	76	38	64	5	78	31	62	20	75	17	84
1	99	4	84	4	83	0	103	9	95	1	82	2	110	0	100
1	109	6	102	2	72	0	100	6	74	4	100	2	97	0	125
0	98	6	97	1	112	0	91	11	101	0	91	5	105	9	118
10	96	0	112	6	96	15	70	0	95	6	96	0	93	1	102
10	85	0	119	19	65	4	102	3	99	1	110	3	91	1	98
6	78	2	91	16	94	4	96	3	103	1	99	3	77	0	103
0	104	0	102	3	97	3	89	0	101	4	97	7	82	7	106
0	111	0	111	2	109	3	111	0	97	4	99	5	101	8	95
0	112	0	104	1	110	2	99	0	96	5	87	14	98	5	102
0	101	0	97	2	96	0	90	3	101	4	90	9	71	5	103
0	93	0	84	4	74	10	90	0	114	5	84	6	104	0	98
0	93	1	78	0	96	7	101	1	110	0	95	10	98	6	116
0	108	0	104	0	90	6	101	2	92	0	82	13	97	7	103
0	101	2	74	1	81	2	115	3	90	1	117	12	84	9	88
2	96	0	96	5	101	1	100	8	122	0	90	8	92	1	97
1	96	3	91	7	107	1	103	3	96	0	86	10	99	2	91
6	84	0	99	5	94	0	84	3	112	2	89	1	68	6	84
22	70	31	72	13	84	3	105	26	67	7	72	1	96	11	83
7	84	0	94	6	92	2	119	0	108	0	94	0	84	0	98
3	99	18	87	9	89	5	97	26	63	2	101	25	69	17	77
2	102	1	102	4	90	15	96	0	99	3	111	0	97	2	100
13	104	14	89	2	89	2	84	17	96	6	93	4	96	9	84
19	88	10	90	2	96	8	99	14	107	5	96	3	96	10	81
