R4:alt	R4:ref	R5:alt	R5:ref	R6:alt	R6:ref	R7:alt	R7:ref	R1:alt	R1:ref	R2:alt	R2:ref	R3:alt	R3:ref	R8:alt	R8:ref
15	89	18	72	26	82	3	112	4	102	11	91	0	127	1	99
13	85	3	74	6	97	19	102	2	89	15	88	0	92	7	91
2	84	6	87	20	87	10	108	0	91	11	100	11	86	6	116
2	109	6	86	20	79	7	76	9	89	6	82	5	83	2	88
12	94	0	107	0	111	0	113	15	91	6	90	4	84	0	102
19	96	9	89	13	78	0	98	1	104	7	83	0	98	1	91
12	86	4	99	19	86	3	101	1	80	9	84	0	108	0	100
2	104	2	100	1	99	6	88	8	81	0	104	20	106	0	113
4	109	0	111	0	78	13	71	0	99	1	109	12	83	13	80
1	102	0	99	0	77	17	97	3	98	1	83	14	88	6	105
18	81	22	78	10	76	11	81	37	53	16	93	30	54	5	106
5	93	2	101	1	91	1	91	0	111	0	86	0	88	15	88
3	103	0	101	0	100	0	98	0	84	5	87	6	102	12	91
1	83	6	99	0	82	8	85	5	78	5	80	3	108	5	77
2	113	4	80	0	89	7	91	6	117	4	98	6	98	1	119
0	99	2	88	20	88	0	102	2	105	1	110	0	112	0	94
0	99	3	92	19	86	0	102	2	109	2	93	0	86	0	104
0	110	5	102	10	82	0	104	1	103	5	88	0	105	0	111
14	87	5	92	4	89	2	98	1	110	16	104	0	92	7	105
9	83	1	87	6	101	6	99	2	95	19	88	0	117	5	110
0	99	6	103	5	85	11	82	0	110	6	100	1	90	5	108
5	89	9	108	5	94	4	126	1	90	11	80	0	103	0	105
3	104	14	92	6	97	4	94	0	85	21	96	0	121	0	99
6	98	10	89	5	98	1	72	3	94	10	79	0	110	0	104
0	106	2	105	3	109	0	103	10	71	0	110	13	89	0	77
6	119	0	92	1	101	0	105	12	78	7	96	2	87	1	102
0	85	0	101	0	122	10	95	0	104	4	95	12	82	3	95
2	108	5	110	0	98	3	94	0	96	8	80	0	104	0	102
2	83	3	96	2	92	4	79	0	85	10	84	0	105	0	85
13	79	33	64	33	64	22	75	7	81	32	67	0	99	5	88
0	96	0	97	0	102	5	89	0	98	3	75	11	115	3	104
22	77	10	98	17	80	5	95	15	89	13	82	12	101	2	108
2	104	1	101	3	85	1	108	1	106	13	95	0	101	0	84
4	96	0	86	3	84	4	102	1	110	11	96	0	102	0	112
0	89	11	90	1	90	8	91	23	82	1	103	24	73	1	97
1	85	0	110	0	116	17	67	1	84	2	98	22	90	10	100
