R4:alt	R4:ref	R5:alt	R5:ref	R6:alt	R6:ref	R7:alt	R7:ref	R1:alt	R1:ref	R2:alt	R2:ref	R3:alt	R3:ref	R8:alt	R8:ref
18	89	14	93	0	111	0	100	4	89	0	126	2	117	3	79
0	93	8	87	6	96	2	93	18	77	2	88	12	81	7	90
5	100	9	81	2	85	17	87	5	106	1	74	8	88	1	102
5	91	12	97	7	74	12	95	3	88	2	100	6	84	6	99
4	82	3	82	2	93	6	104	7	98	4	112	0	108	1	83
6	97	3	102	12	111	3	105	6	77	2	87	11	102	4	94
6	105	1	87	13	87	9	92	4	88	4	94	7	84	3	87
5	92	1	90	18	71	5	115	6	113	2	92	8	89	2	89
0	121	5	93	0	91	5	84	7	81	1	94	5	89	5	101
0	90	9	87	0	93	4	90	13	99	0	105	7	84	3	90
3	106	7	96	0	110	7	90	4	101	1	81	0	109	5	85
2	103	0	91	4	93	0	86	0	89	7	111	1	111	18	85
1	96	0	96	4	82	0	99	0	110	9	89	1	84	17	76
4	112	0	110	10	86	0	94	0	103	7	78	2	113	5	84
7	91	2	92	2	107	7	92	1	85	24	73	0	109	4	113
11	98	2	108	0	91	8	100	0	103	23	71	0	94	2	92
0	115	10	83	8	100	0	97	19	90	3	104	7	89	1	94
0	118	9	90	8	78	1	106	16	98	2	95	4	85	1	112
4	98	7	99	0	100	11	85	0	98	3	98	0	85	2	121
2	91	5	107	0	93	10	83	0	97	1	90	0	113	1	94
3	103	5	107	0	90	16	79	0	82	5	92	0	106	0	85
3	90	7	100	0	110	16	96	0	100	0	97	0	111	2	103
4	90	1	95	1	109	4	96	0	86	9	102	0	100	0	114
12	87	3	79	0	102	2	95	0	92	12	91	0	104	1	82
7	91	1	84	0	115	0	112	8	105	0	118	2	109	12	93
7	96	28	75	25	68	20	73	39	62	30	68	24	85	41	52
0	89	3	85	9	78	1	83	12	69	1	83	1	108	3	111
0	97	2	92	9	104	2	93	7	86	1	105	3	109	2	112
0	110	1	114	13	88	1	96	11	102	2	90	5	91	2	102
0	93	0	91	8	83	1	114	1	103	1	84	8	104	7	101
0	116	0	90	9	107	5	105	1	111	4	93	5	127	3	98
17	83	7	99	10	92	8	81	8	87	27	75	4	98	17	67
18	103	4	85	12	85	9	92	6	89	28	87	5	106	26	70
4	90	4	104	12	88	10	83	6	106	13	87	9	89	2	105
10	78	3	95	0	109	1	116	3	104	0	99	8	101	17	73
3	82	4	90	0	98	0	93	4	108	0	109	5	86	14	66
