R4:alt	R4:ref	R5:alt	R5:ref	R6:alt	R6:ref	R7:alt	R7:ref	R1:alt	R1:ref	R2:alt	R2:ref	R3:alt	R3:ref	R8:alt	R8:ref
19	90	12	101	7	88	13	90	9	82	6	91	7	92	1	75
1	104	1	95	0	90	12	95	1	102	0	88	3	115	7	80
1	97	0	85	3	118	7	84	1	96	0	98	1	115	2	81
2	89	0	108	9	92	8	99	3	98	18	94	0	115	0	105
4	95	0	107	11	82	15	90	3	106	17	86	5	99	0	82
0	97	0	102	2	92	0	89	6	95	26	72	5	103	1	102
1	95	4	109	6	101	1	101	3	89	1	107	0	108	13	90
10	109	8	94	2	87	7	98	0	96	0	101	3	84	13	90
9	93	2	105	5	91	7	100	0	110	0	109	0	82	11	85
7	95	2	112	3	87	2	86	1	74	0	88	11	99	6	87
5	102	2	92	1	107	3	102	1	105	0	122	12	93	7	94
18	79	10	87	24	81	28	65	24	77	45	68	24	79	13	73
1	107	11	79	1	117	0	99	1	97	0	94	0	111	3	76
37	86	22	74	16	93	10	105	30	82	8	84	15	89	14	78
27	70	20	71	35	79	5	89	24	72	3	81	16	86	14	90
13	100	4	96	2	99	3	103	4	113	0	91	1	96	2	102
6	101	12	93	4	96	10	68	4	113	8	107	18	76	27	76
13	95	12	72	6	91	7	92	9	92	3	90	11	67	18	89
7	81	1	100	9	76	8	76	6	102	28	73	10	93	2	94
1	98	24	92	4	105	0	109	23	80	1	117	9	80	8	91
