R4:alt	R4:ref	R5:alt	R5:ref	R6:alt	R6:ref	R7:alt	R7:ref	R1:alt	R1:ref	R2:alt	R2:ref	R3:alt	R3:ref	R8:alt	R8:ref
4	103	4	85	1	106	2	111	3	101	5	103	8	108	2	112
13	83	2	109	0	99	1	101	1	99	0	114	0	91	0	92
18	91	0	115	0	107	0	111	7	87	0	84	2	103	0	113
20	77	0	100	0	116	2	100	1	97	0	93	3	115	0	88
0	96	0	123	3	102	0	102	0	107	20	95	0	121	0	100
0	92	0	112	6	108	0	92	0	99	10	90	0	104	0	117
0	109	19	92	0	97	0	97	7	75	1	79	1	97	0	103
0	111	2	81	0	93	6	95	7	83	6	80	6	85	7	103
5	88	2	87	1	89	10	108	0	107	3	116	3	83	6	84
16	87	16	75	47	61	22	78	35	68	45	70	27	74	26	79
5	76	16	82	54	57	21	73	28	74	42	58	19	75	26	70
26	78	2	98	0	108	1	86	2	105	0	98	2	85	0	111
11	93	10	96	12	78	25	79	8	88	36	75	15	87	23	76
10	78	4	100	21	78	22	80	9	113	19	62	16	93	24	78
29	63	3	104	2	92	23	81	7	91	3	105	28	72	12	84
39	60	4	96	2	93	35	78	7	85	5	92	19	79	14	92
33	59	2	96	6	107	17	76	5	102	8	84	19	94	21	71
1	96	20	66	6	104	2	87	10	75	6	80	4	95	0	90
8	101	2	96	0	115	26	78	7	92	4	100	16	85	2	93
