R4:alt	R4:ref	R5:alt	R5:ref	R6:alt	R6:ref	R7:alt	R7:ref	R1:alt	R1:ref	R2:alt	R2:ref	R3:alt	R3:ref	R8:alt	R8:ref
0	118	27	85	6	93	6	112	3	117	4	112	32	69	10	79
1	97	24	71	3	92	6	113	2	91	0	101	27	80	13	80
1	108	1	87	30	69	8	96	1	98	24	71	9	73	0	94
6	77	0	103	4	92	32	81	1	109	2	92	4	91	0	94
0	96	11	100	0	75	1	88	0	102	3	106	7	87	9	83
7	97	2	115	0	87	7	97	2	93	0	105	3	98	6	85
1	104	11	96	0	114	0	122	12	79	0	101	2	106	16	89
0	88	9	79	0	103	0	104	20	81	0	91	1	92	16	91
18	79	5	94	7	89	4	92	2	89	3	94	0	95	4	98
12	83	4	107	4	102	2	95	5	93	0	108	0	113	1	107
13	100	1	94	5	109	5	109	3	98	0	96	0	99	4	93
18	70	39	55	38	42	15	85	35	74	44	52	40	59	25	87
23	74	50	72	44	60	29	102	24	67	43	60	32	65	22	96
2	90	2	102	0	96	0	93	10	87	0	108	0	104	13	76
8	97	0	96	5	111	4	103	4	110	0	107	1	86	8	85
19	80	8	86	9	103	34	62	16	80	4	78	7	93	43	71
2	105	1	119	12	99	6	80	0	96	1	94	6	97	0	100
1	106	19	77	33	67	6	80	3	108	14	89	43	72	16	86
2	83	24	78	42	66	16	71	7	93	18	84	45	57	4	83
2	103	17	75	31	73	7	95	0	96	17	81	47	57	15	79
3	93	21	70	31	76	16	96	8	116	18	83	45	51	13	96
11	80	0	88	3	92	3	100	6	110	1	98	0	110	2	87
10	86	0	96	2	94	4	99	2	104	3	105	0	92	3	102
11	72	17	76	11	72	14	104	25	62	36	68	4	89	7	112
6	82	8	95	1	92	2	112	14	78	1	92	6	88	26	97
24	80	6	93	3	85	3	92	9	95	5	94	2	103	8	90
1	96	20	98	4	118	3	89	17	70	21	88	2	91	3	100
