R4:alt	R4:ref	R5:alt	R5:ref	R6:alt	R6:ref	R7:alt	R7:ref	R1:alt	R1:ref	R2:alt	R2:ref	R3:alt	R3:ref	R8:alt	R8:ref
12	67	23	64	2	86	9	88	26	61	4	114	3	91	9	88
4	84	4	98	5	122	11	81	6	88	16	88	2	108	7	114
7	89	0	99	0	90	12	92	2	105	15	85	2	106	6	100
1	104	0	87	7	105	9	96	3	83	4	93	4	89	1	101
0	106	3	95	6	122	10	106	9	70	4	114	3	104	1	91
8	89	4	89	6	85	0	104	2	91	15	92	2	110	11	90
4	80	2	90	7	90	1	122	1	83	11	101	0	97	10	97
1	94	0	94	10	91	0	91	0	102	9	86	0	105	8	89
7	83	2	85	0	88	0	90	0	110	4	95	0	110	5	111
11	78	2	97	0	94	0	91	0	96	3	106	0	92	7	94
12	88	10	90	37	65	6	80	16	90	16	92	37	47	18	66
13	86	12	94	39	66	7	92	8	93	21	86	43	52	19	69
8	89	13	73	48	71	5	91	6	75	14	83	36	56	23	73
2	97	4	93	2	94	2	106	0	98	1	103	6	85	4	112
4	85	1	95	4	82	0	96	0	104	3	86	4	111	5	109
6	87	4	122	3	81	0	105	0	97	4	94	1	96	12	84
9	87	3	85	2	118	0	92	0	113	4	103	3	97	10	96
8	94	5	98	3	91	7	92	0	86	8	80	0	128	3	97
40	61	38	47	8	75	45	56	42	56	27	84	11	98	31	61
0	112	0	88	23	99	0	98	0	114	0	123	13	72	1	89
0	95	0	94	14	86	0	109	0	97	0	96	14	70	2	109
0	113	8	93	2	100	0	110	12	79	3	121	1	79	2	88
26	92	11	92	8	81	33	86	17	95	26	94	6	96	5	101
19	88	5	78	10	97	27	65	18	105	26	64	10	79	18	97
19	81	7	90	10	99	27	39	20	80	16	81	5	78	15	95
10	87	2	94	19	90	4	81	1	106	9	78	4	100	11	71
1	90	4	107	17	76	4	101	2	87	18	73	2	99	14	78
5	86	0	107	22	94	3	98	0	102	22	87	6	91	19	96
7	96	9	88	18	77	4	105	12	87	2	96	46	56	7	97
