R4:alt	R4:ref	R5:alt	R5:ref	R6:alt	R6:ref	R7:alt	R7:ref	R1:alt	R1:ref	R2:alt	R2:ref	R3:alt	R3:ref	R8:alt	R8:ref
1	92	14	79	6	90	1	89	0	119	13	83	2	108	17	91
10	86	3	96	2	93	8	106	0	86	3	107	1	83	1	78
6	87	5	94	1	97	9	94	1	119	5	99	2	98	2	99
7	95	0	104	1	100	21	79	4	88	1	103	0	100	0	95
7	84	19	91	1	103	0	91	2	100	1	96	13	84	1	108
3	91	6	101	7	79	2	79	0	94	2	96	11	87	3	98
8	100	1	86	1	103	3	104	4	89	2	99	6	92	0	96
0	85	13	88	3	104	0	87	0	97	14	76	0	114	8	113
32	88	27	61	31	71	9	94	27	62	14	69	48	57	19	74
8	82	3	95	9	96	11	94	3	99	16	79	3	102	9	95
4	98	0	108	2	107	0	104	12	100	0	110	5	106	2	98
5	90	0	89	0	111	0	114	13	103	0	105	7	84	1	99
9	97	0	100	3	103	0	108	9	97	0	70	3	77	2	90
5	74	0	104	5	84	3	92	3	89	4	102	6	104	6	102
1	85	1	99	4	96	4	105	1	110	5	86	4	107	2	83
17	83	22	95	22	73	50	62	21	81	39	61	9	83	22	70
1	99	8	99	8	106	4	96	3	79	0	107	1	87	2	99
0	112	1	105	1	100	0	87	3	119	1	85	12	108	6	102
2	109	1	100	1	99	0	109	2	108	1	86	11	92	2	94
1	93	0	78	3	97	12	71	1	94	2	106	0	112	0	89
11	92	7	91	18	74	11	111	10	87	13	66	13	77	4	88
10	96	10	101	20	78	8	99	21	81	15	86	10	87	6	103
6	95	8	87	22	82	9	92	8	73	17	84	3	93	5	85
12	94	8	95	20	80	5	103	13	93	17	77	12	84	6	92
14	97	14	71	7	88	1	106	21	99	7	69	37	62	18	85
15	92	18	83	9	75	0	95	18	81	5	86	30	65	10	82
17	97	19	88	16	75	19	87	7	94	33	69	4	92	25	81
4	100	2	76	11	105	10	99	6	93	20	89	5	94	5	94
7	83	0	97	10	90	4	97	1	105	17	93	6	86	7	90
