R4:alt	R4:ref	R5:alt	R5:ref	R6:alt	R6:ref	R7:alt	R7:ref	R1:alt	R1:ref	R2:alt	R2:ref	R3:alt	R3:ref	R8:alt	R8:ref
0	92	8	95	0	93	2	87	2	95	10	82	0	96	6	88
7	94	0	119	16	94	10	80	10	116	7	109	3	79	1	105
8	97	0	103	12	87	3	78	6	91	1	90	3	82	1	88
2	105	0	79	17	102	0	95	7	97	0	101	22	77	2	88
1	84	0	119	10	93	0	82	8	83	0	99	24	94	2	84
2	87	1	117	3	72	12	78	3	102	10	90	1	88	4	82
11	75	33	84	0	84	3	107	0	116	3	85	1	104	4	103
3	102	1	106	1	86	3	109	3	104	0	107	6	117	2	104
16	84	2	87	3	93	0	99	2	103	0	96	7	91	0	99
12	80	5	103	2	118	1	89	3	110	0	98	7	97	2	110
14	94	3	88	1	106	3	104	1	104	0	92	1	108	2	94
2	85	17	82	0	85	1	107	0	86	2	109	6	94	0	86
41	47	9	118	47	65	21	66	30	70	11	89	41	61	13	106
31	64	10	105	41	59	25	84	41	64	14	87	41	58	19	90
2	97	4	98	1	97	1	94	5	87	8	79	1	98	2	91
1	91	2	105	4	100	2	95	13	84	6	84	1	94	8	100
0	99	0	94	2	96	0	104	9	93	0	104	5	88	4	94
1	92	0	111	6	83	0	94	0	120	0	94	13	87	0	93
3	108	0	95	5	79	0	103	1	103	0	101	12	87	0	102
3	89	0	119	11	101	0	114	2	91	0	102	21	84	0	93
4	103	0	100	2	93	21	86	1	105	7	109	1	104	3	112
3	108	0	111	1	94	16	104	3	89	6	81	1	101	0	85
14	86	0	118	9	96	5	85	3	96	1	121	8	103	0	104
25	74	5	99	23	72	21	80	9	68	5	100	17	95	3	96
15	80	1	109	23	78	19	79	8	92	15	86	11	101	3	86
28	86	4	105	28	69	25	67	13	84	9	86	15	84	3	92
2	105	0	98	4	100	0	98	8	75	4	86	1	93	2	97
13	113	0	116	11	82	1	96	18	73	2	93	22	82	5	89
1	107	6	73	6	87	2	84	14	79	20	87	4	98	20	83
0	112	6	90	5	88	0	108	20	66	7	72	5	90	12	71
1	93	10	92	4	104	1	102	16	74	17	96	1	109	12	73
14	86	30	74	7	87	17	59	10	87	19	83	9	91	16	77
13	71	31	66	0	99	4	94	0	84	3	99	5	80	4	96
