R4:alt	R4:ref	R5:alt	R5:ref	R6:alt	R6:ref	R7:alt	R7:ref	R1:alt	R1:ref	R2:alt	R2:ref	R3:alt	R3:ref	R8:alt	R8:ref
1	99	28	91	3	93	0	95	0	94	13	102	0	110	7	88
0	115	20	74	4	81	1	92	0	97	5	90	0	100	10	83
0	102	9	93	3	86	28	61	6	100	13	94	1	107	14	87
11	93	1	109	1	102	1	102	4	101	3	81	20	86	3	94
15	83	0	98	1	107	4	96	10	110	10	100	13	84	5	93
0	89	17	73	6	94	3	101	0	86	6	107	0	112	2	97
21	86	31	45	25	70	8	93	12	88	31	67	16	74	15	81
3	95	9	95	5	100	6	80	2	92	3	101	0	81	4	91
10	89	2	116	18	92	0	107	1	95	5	86	0	92	2	104
4	88	1	87	13	76	3	98	2	107	4	99	0	122	0	109
4	102	2	100	16	91	1	88	1	84	4	96	0	89	0	92
8	93	0	101	5	91	1	101	10	103	1	91	8	104	8	98
7	97	0	95	4	98	1	79	10	97	1	119	6	92	2	75
2	94	0	94	1	86	5	102	8	101	0	102	20	75	3	94
10	98	0	109	0	103	0	91	1	104	4	110	8	102	0	118
0	101	2	105	1	91	11	99	12	101	4	105	0	81	9	93
0	87	14	99	6	82	16	98	0	105	7	82	0	92	7	92
22	79	0	91	2	104	0	95	1	114	3	89	6	98	0	99
29	71	11	84	12	78	47	44	40	52	10	105	44	69	19	57
5	88	25	66	12	92	16	118	2	99	14	86	0	93	14	83
4	90	34	79	25	84	7	93	2	104	15	76	0	91	6	84
0	90	4	73	1	107	10	91	0	101	6	82	0	91	3	105
0	88	0	69	3	115	9	94	0	91	20	89	0	88	3	89
1	81	14	99	13	78	28	65	19	70	17	80	7	113	18	80
4	84	21	92	11	96	39	76	31	75	20	93	2	95	16	85
27	79	0	109	7	95	4	101	21	88	7	114	30	71	10	93
17	79	1	96	1	88	0	106	3	103	4	98	6	107	1	109
9	94	0	97	2	106	2	86	11	67	5	90	24	66	5	97
