R4:alt	R4:ref	R5:alt	R5:ref	R6:alt	R6:ref	R7:alt	R7:ref	R1:alt	R1:ref	R2:alt	R2:ref	R3:alt	R3:ref	R8:alt	R8:ref
28	85	1	107	0	99	5	99	5	92	1	110	2	109	12	87
8	91	4	92	2	103	12	86	8	88	15	64	7	89	16	91
8	87	9	101	2	111	12	84	10	90	21	76	3	76	16	86
6	102	8	100	3	80	21	86	10	72	14	83	6	84	14	79
5	95	8	109	4	100	18	95	15	78	8	101	7	69	18	95
2	105	8	87	1	105	12	96	11	99	14	101	4	103	11	81
5	91	6	91	2	93	14	79	14	88	16	79	9	102	14	89
2	98	4	108	26	92	13	97	6	76	2	112	0	91	9	91
1	92	2	101	5	91	11	96	8	89	0	100	0	106	0	109
0	86	5	92	8	84	15	74	12	100	0	108	1	86	2	97
2	77	4	97	6	80	9	93	15	86	0	88	0	114	0	110
0	117	6	86	13	86	0	113	1	95	6	93	6	124	0	81
0	85	11	108	9	87	0	94	6	95	4	91	1	102	0	103
0	99	9	109	8	91	0	106	1	108	3	108	2	93	0	100
2	87	12	74	1	119	2	80	4	92	11	75	8	68	2	91
2	99	20	94	1	92	1	118	4	108	17	77	18	84	4	102
0	117	15	69	0	110	2	94	1	111	20	97	14	79	1	100
0	94	11	84	1	92	0	100	1	105	15	75	26	81	1	105
0	101	10	93	0	111	0	111	2	100	11	64	25	69	0	100
9	66	1	91	2	102	9	85	9	97	0	104	0	104	11	92
10	75	1	116	1	98	6	94	5	100	0	100	0	103	7	96
6	82	1	97	1	104	7	80	5	93	0	99	0	97	1	103
0	113	1	112	21	70	4	86	1	97	0	95	0	102	1	115
0	87	1	114	17	89	6	100	0	93	0	87	0	85	1	102
35	67	12	96	23	79	31	70	39	84	15	90	6	104	47	80
8	79	3	90	2	98	6	96	0	76	10	91	5	89	22	84
1	109	3	108	0	109	7	98	8	99	7	112	0	91	1	79
10	60	0	89	0	118	0	93	4	96	0	100	5	104	2	110
7	76	0	86	0	102	3	91	0	106	1	97	0	88	13	91
13	89	46	57	32	73	11	74	14	95	43	59	47	54	22	93
0	109	3	99	0	106	0	101	0	102	6	90	8	93	0	93
10	107	1	107	26	66	26	70	17	78	0	108	0	106	11	110
36	64	4	110	3	81	16	87	22	96	12	88	9	100	25	84
25	79	5	94	7	98	20	78	19	91	15	72	9	92	29	61
7	100	7	121	3	96	4	97	0	94	6	101	9	92	10	95
