R4:alt	R4:ref	R5:alt	R5:ref	R6:alt	R6:ref	R7:alt	R7:ref	R1:alt	R1:ref	R2:alt	R2:ref	R3:alt	R3:ref	R8:alt	R8:ref
3	99	7	76	8	81	26	84	3	91	2	92	19	68	3	123
6	90	11	87	5	93	24	60	3	101	5	103	19	87	2	101
7	103	10	90	10	87	23	84	1	104	4	94	13	80	3	108
2	111	11	77	2	83	4	93	4	99	0	91	7	95	0	92
5	90	6	106	3	93	0	88	19	96	1	111	0	99	2	86
8	98	13	89	4	89	0	82	9	86	1	101	0	84	3	116
6	93	0	103	0	118	0	89	1	88	4	88	2	92	4	90
20	94	1	115	0	102	1	96	5	99	7	81	3	98	7	86
18	87	0	97	0	106	1	90	10	105	7	80	2	93	6	91
17	63	0	105	0	93	1	108	4	105	8	101	2	92	7	84
11	101	26	72	30	59	32	76	10	101	27	63	11	86	14	91
0	96	2	110	13	76	0	102	0	113	0	105	6	97	1	99
2	97	5	101	2	97	10	110	0	93	2	97	20	74	0	106
1	95	4	94	2	118	10	83	0	126	3	78	21	100	0	113
0	85	6	114	4	96	2	92	1	84	2	103	5	96	10	79
1	105	1	83	4	86	1	94	0	73	8	82	8	95	5	102
0	103	5	96	7	106	6	97	2	91	0	108	12	104	0	120
1	110	8	106	8	90	9	73	3	92	0	103	7	85	0	99
4	109	12	74	1	107	0	101	8	74	6	82	0	104	1	91
6	93	7	104	1	91	1	95	15	78	1	86	0	104	1	100
17	77	1	98	0	98	2	97	7	90	3	99	0	94	5	84
13	77	0	81	0	125	0	102	3	98	5	91	0	109	3	90
5	106	10	80	27	66	29	73	0	108	0	98	21	69	4	90
8	79	22	74	6	105	0	110	29	69	3	96	0	101	5	93
14	92	13	82	6	81	2	84	25	72	4	130	0	104	2	111
7	99	11	103	5	88	1	101	34	65	3	103	0	90	2	89
8	88	16	86	6	97	0	95	29	71	3	95	0	112	4	98
14	82	15	84	3	112	1	100	22	75	1	94	0	96	4	100
