R4:alt	R4:ref	R5:alt	R5:ref	R6:alt	R6:ref	R7:alt	R7:ref	R1:alt	R1:ref	R2:alt	R2:ref	R3:alt	R3:ref	R8:alt	R8:ref
0	97	4	89	0	99	3	105	0	100	15	100	8	96	2	89
0	80	19	88	6	93	0	90	5	93	3	97	2	113	3	98
0	93	26	68	10	94	0	103	3	99	5	96	6	100	6	89
9	108	1	88	12	97	2	83	10	98	5	107	8	85	18	78
14	86	1	105	4	94	12	77	21	83	2	82	6	112	5	85
4	96	0	112	5	76	12	84	2	104	5	101	5	104	0	98
4	91	0	103	10	77	15	82	2	101	3	94	5	90	0	83
10	89	0	91	3	106	4	81	13	76	0	88	0	106	0	84
0	111	1	98	0	113	0	122	0	98	16	59	7	107	0	109
0	105	5	91	0	98	1	84	0	82	0	98	9	100	5	108
0	106	3	104	0	107	1	107	0	97	0	95	17	85	5	113
6	88	0	108	0	104	3	91	1	103	0	95	1	97	7	95
7	95	0	104	0	98	4	83	2	102	0	98	2	94	6	87
3	88	0	88	1	109	7	102	1	83	0	88	4	91	5	96
2	78	0	113	2	110	3	85	0	114	0	101	2	91	4	101
0	93	1	128	5	79	0	111	9	102	3	101	5	86	12	99
5	75	0	124	0	98	2	102	15	87	3	73	2	105	0	97
12	100	1	97	2	102	5	100	6	101	0	85	1	94	2	81
4	112	0	108	6	96	10	91	0	111	1	98	8	94	0	80
3	91	27	79	11	82	0	94	5	89	10	81	11	68	36	76
2	94	30	76	18	89	5	108	0	97	12	85	26	86	27	60
0	93	4	99	4	110	0	115	1	96	1	83	3	85	7	90
29	71	1	93	6	95	26	54	30	74	5	82	11	86	9	85
