R4:alt	R4:ref	R5:alt	R5:ref	R6:alt	R6:ref	R7:alt	R7:ref	R1:alt	R1:ref	R2:alt	R2:ref	R3:alt	R3:ref	R8:alt	R8:ref
15	67	12	89	15	100	4	87	2	93	1	111	4	94	8	107
13	79	4	107	15	89	7	117	1	82	1	93	3	98	6	102
6	97	9	78	5	89	0	89	7	102	15	81	11	78	5	109
6	97	15	91	5	92	0	83	8	97	18	85	6	80	9	99
8	82	2	97	15	68	11	92	0	82	0	93	7	108	1	84
7	76	4	97	22	86	10	79	0	94	2	107	11	115	1	96
6	85	2	95	5	82	1	92	6	99	3	105	0	102	7	104
0	90	4	113	1	118	0	110	0	98	9	96	9	81	20	102
4	122	2	88	1	98	7	94	20	52	0	98	0	109	15	105
0	101	2	98	0	105	4	84	36	66	0	85	0	102	8	111
1	95	1	93	1	100	6	99	25	53	0	112	0	104	21	95
1	106	2	88	0	104	6	100	19	70	0	108	0	77	10	95
26	76	26	70	31	81	27	72	46	55	33	82	27	79	40	51
38	90	28	70	29	90	30	64	40	67	28	61	17	85	47	60
28	61	30	65	22	72	29	80	44	52	36	69	26	73	39	63
1	105	5	91	0	103	0	101	1	92	13	84	6	89	6	106
1	92	9	110	2	108	0	79	7	93	14	77	4	89	4	111
6	111	0	98	6	93	10	81	0	103	0	107	0	99	0	95
9	92	5	102	3	108	4	112	2	106	1	98	2	102	2	101
5	112	4	98	10	76	7	96	0	110	0	84	0	89	3	92
7	105	8	99	18	96	6	112	2	100	0	106	0	109	3	86
0	106	1	115	0	100	0	89	0	97	8	98	3	92	14	92
2	95	2	131	0	90	0	97	0	92	8	82	7	77	15	89
13	84	1	100	2	86	1	83	0	92	2	100	7	100	0	101
9	93	0	102	2	104	0	90	0	102	3	93	10	89	0	82
10	93	3	91	3	99	1	90	0	98	2	102	6	97	0	106
18	71	17	90	15	80	6	84	3	106	14	84	9	99	9	97
0	84	4	86	0	99	0	95	5	110	12	77	8	87	0	102
3	109	5	90	0	114	0	113	5	85	7	97	2	96	0	96
1	99	1	101	0	114	0	102	0	97	6	87	5	87	9	89
8	96	11	93	11	101	10	80	29	84	18	90	13	85	32	81
6	83	7	91	6	87	16	77	31	56	16	93	12	86	36	74
22	75	6	88	13	80	22	70	2	98	2	99	20	95	3	106
1	103	2	111	2	103	9	91	28	83	12	79	11	87	26	67
7	100	2	90	1	92	9	76	20	78	8	95	11	118	26	92
9	81	12	93	8	101	10	85	13	100	9	103	2	104	8	97
6	93	9	106	8	95	11	86	19	103	3	93	2	94	10	83
6	82	15	87	8	83	17	109	18	109	0	106	2	106	7	79
