R4:alt	R4:ref	R5:alt	R5:ref	R6:alt	R6:ref	R7:alt	R7:ref	R1:alt	R1:ref	R2:alt	R2:ref	R3:alt	R3:ref	R8:alt	R8:ref
2	97	4	97	17	73	1	96	0	106	3	110	16	88	2	87
0	104	5	101	5	99	0	81	2	84	8	78	26	70	21	67
4	110	3	101	7	98	21	74	1	105	3	104	0	90	0	101
6	92	5	92	2	101	16	82	0	98	1	94	0	96	0	108
4	97	2	76	6	108	18	96	2	101	0	106	0	102	0	109
1	109	12	77	2	95	14	79	7	110	0	100	0	99	4	107
3	113	11	104	2	96	17	99	9	120	0	86	0	96	1	88
23	90	0	107	1	88	8	98	8	81	5	103	0	107	0	124
15	75	0	103	1	85	12	86	11	104	4	94	0	107	0	101
12	79	1	101	14	66	11	94	8	90	10	100	2	88	1	90
5	84	4	91	0	102	3	86	5	98	7	81	6	95	4	106
4	97	4	86	3	92	2	110	9	80	11	103	0	93	14	97
5	108	8	83	1	107	4	85	12	84	11	77	2	104	6	104
41	59	18	76	42	68	29	89	27	79	53	50	46	58	40	51
46	44	22	83	35	51	17	77	41	67	50	44	49	59	53	69
0	104	1	100	1	81	1	94	0	99	5	87	4	97	27	69
0	110	4	93	0	96	0	100	7	101	4	83	9	99	33	97
0	107	3	109	3	84	4	111	7	100	2	109	0	86	8	101
23	83	0	113	3	102	5	117	3	98	3	92	0	102	0	84
2	100	0	85	0	92	0	108	1	85	7	78	1	113	2	91
1	109	2	108	12	108	1	115	0	102	0	105	11	112	0	95
0	106	3	103	0	77	2	102	2	114	4	96	2	113	15	81
40	72	13	86	21	75	18	88	32	75	36	61	14	85	15	74
39	60	13	87	18	88	9	73	32	58	37	69	8	86	13	81
0	120	17	78	7	104	4	111	4	80	2	97	5	94	4	84
1	120	20	81	5	111	6	81	9	99	1	85	5	103	6	94
26	72	0	81	15	88	18	88	17	97	12	82	4	98	1	115
26	80	1	90	19	77	18	92	13	93	15	98	3	93	0	96
26	68	2	96	16	76	17	71	20	96	18	80	2	96	1	96
31	87	0	96	22	87	23	84	22	91	16	75	0	95	3	115
