PSec1:alt	PSec1:ref	PSec2:alt	PSec2:ref	M4:alt	M4:ref	M1:alt	M1:ref	M3:alt	M3:ref	M2:alt	M2:ref
32	25	24	16	24	19	27	19	32	23	22	29
28	25	17	31	21	29	5	50	7	44	31	28
0	48	0	55	0	44	19	29	11	30	0	51
30	29	18	31	16	22	5	50	11	34	18	29
30	16	13	32	25	25	7	43	8	46	24	29
0	46	0	53	0	61	22	30	14	27	0	51
0	41	0	71	0	57	17	29	19	38	0	54
0	53	0	48	0	46	24	29	24	39	0	43
22	25	26	40	32	22	10	40	8	40	23	27
0	54	0	53	0	63	20	35	26	29	0	45
0	39	0	40	0	57	12	28	11	32	0	60
0	40	0	37	0	47	21	31	11	37	0	53
21	24	29	35	20	18	3	42	7	53	25	22
19	29	25	27	21	27	3	40	6	35	33	18
28	18	21	29	28	27	3	45	11	45	26	29
32	20	22	29	18	34	5	45	8	43	26	22
28	40	19	32	27	19	8	45	5	37	30	26
12	29	15	30	0	53	0	42	0	57	0	40
0	59	0	54	0	39	21	28	0	48	0	52
0	50	0	54	0	48	0	50	27	36	0	48
0	56	0	43	0	53	6	34	11	42	0	59
0	55	0	59	23	22	0	54	0	54	0	35
0	51	0	54	0	51	0	44	17	38	0	49
0	48	0	53	0	58	0	49	9	46	0	43
0	65	0	62	0	43	3	47	0	53	0	68
0	46	0	49	0	62	0	58	14	28	0	49
0	51	0	39	18	27	0	49	0	46	0	50
0	45	0	37	0	42	0	48	0	54	31	25
0	52	0	52	0	37	0	44	24	35	0	55
0	60	0	53	0	41	3	41	0	42	0	48
0	57	0	66	31	23	0	52	0	56	0	59
0	57	0	40	0	49	0	57	13	36	0	48
0	44	0	50	0	64	0	58	0	43	7	45
0	53	0	50	0	48	0	49	7	36	0	49
0	53	0	45	0	50	0	53	4	43	0	44
