PSec1:alt	PSec1:ref	PSec2:alt	PSec2:ref	M4:alt	M4:ref	M1:alt	M1:ref	M3:alt	M3:ref	M2:alt	M2:ref
30	29	25	20	24	25	28	26	21	21	28	25
18	26	31	24	0	47	0	49	0	66	0	51
9	46	0	58	0	50	0	44	0	56	0	56
0	32	18	22	0	42	0	47	0	56	0	57
0	49	0	46	32	17	29	36	26	21	23	29
0	42	0	49	0	45	22	33	0	42	0	46
0	44	0	61	33	22	10	37	0	64	0	45
0	50	0	60	23	31	7	46	0	51	0	41
0	56	0	53	0	56	0	40	22	26	24	20
0	40	0	40	0	65	0	52	18	27	27	23
0	59	0	50	0	51	0	47	24	17	22	27
0	52	0	47	0	52	0	42	0	51	11	38
0	40	0	56	0	48	0	70	0	76	8	37
0	45	0	50	0	47	0	49	21	20	0	54
0	46	0	43	26	22	2	45	0	51	0	44
0	43	0	52	29	29	4	40	0	45	0	40
0	49	0	58	31	25	3	49	0	57	0	42
0	58	0	45	19	39	2	46	0	48	0	49
0	60	0	49	0	61	0	46	21	22	0	50
0	60	0	38	28	21	5	45	0	46	0	62
0	62	0	47	18	22	0	38	0	63	0	46
0	49	0	49	12	38	0	53	0	59	0	55
