PSec1:alt	PSec1:ref	PSec2:alt	PSec2:ref	M4:alt	M4:ref	M1:alt	M1:ref	M3:alt	M3:ref	M2:alt	M2:ref
25	32	25	28	20	21	26	33	24	20	29	26
6	53	6	42	0	49	0	62	0	62	0	58
6	39	2	44	0	53	0	53	0	45	0	54
6	43	2	48	0	51	0	47	0	49	0	55
8	38	9	40	28	31	0	57	28	29	30	27
0	59	0	57	0	44	24	28	0	57	0	47
10	38	8	44	28	24	0	48	35	20	25	27
0	37	0	53	21	33	0	54	0	51	0	45
0	49	0	51	0	49	16	32	0	47	0	51
0	58	0	41	30	31	0	41	0	67	0	42
0	44	0	47	0	46	0	49	0	41	24	25
0	48	0	48	0	53	4	54	0	44	0	51
0	61	0	45	0	48	0	44	0	57	32	33
0	51	0	56	0	51	0	49	29	20	0	49
0	60	0	43	0	58	0	48	19	23	0	40
0	49	0	62	0	57	0	42	0	52	8	34
0	62	0	50	0	44	0	43	0	48	5	35
0	46	0	47	0	53	0	52	2	38	0	54
0	58	0	55	8	44	0	53	0	39	0	49
