PSec1:alt	PSec1:ref	PSec2:alt	PSec2:ref	M4:alt	M4:ref	M1:alt	M1:ref	M3:alt	M3:ref	M2:alt	M2:ref
25	22	26	40	27	24	33	23	33	26	20	30
26	20	29	15	26	24	18	22	34	26	29	27
0	65	0	47	0	54	21	26	0	52	0	46
0	37	0	48	0	40	24	23	0	59	0	45
0	65	0	41	0	40	0	58	20	21	0	48
0	50	0	53	0	46	0	59	30	29	0	54
24	42	19	16	29	29	0	53	0	50	0	33
0	43	0	53	0	40	29	21	0	44	0	61
0	56	0	53	0	45	24	23	0	59	0	52
0	50	0	43	0	63	0	40	27	23	0	43
0	49	0	45	0	50	31	25	0	57	0	50
0	54	0	41	0	61	0	57	0	55	32	34
0	51	0	44	0	51	22	20	0	55	0	51
0	32	0	61	0	44	0	51	0	45	28	32
22	39	20	30	24	26	0	55	0	49	0	63
23	51	20	26	18	25	0	42	0	49	0	46
0	39	0	39	0	44	0	52	23	27	0	45
17	25	31	17	34	27	0	52	0	54	0	49
5	47	3	44	27	30	0	50	0	57	0	45
0	49	0	49	0	51	19	36	0	46	0	53
0	44	0	58	0	45	14	38	0	54	0	62
0	59	0	49	0	61	0	49	0	49	26	24
0	57	0	56	22	24	0	49	0	60	0	35
0	48	0	37	0	49	0	47	0	50	33	19
0	53	0	54	21	16	0	45	0	55	0	59
0	55	0	37	0	55	0	46	0	48	19	21
0	47	0	50	24	22	0	40	0	48	0	43
0	45	0	44	0	41	0	48	14	23	0	52
0	53	0	53	24	23	0	51	0	56	0	62
0	60	0	53	0	50	0	53	0	38	8	47
0	56	0	55	0	37	0	45	0	55	4	52
0	48	0	38	0	56	0	61	7	50	0	54
0	52	0	51	19	34	0	45	0	53	0	50
0	46	0	48	3	46	0	48	0	40	0	56
0	46	0	57	2	59	0	50	0	54	0	58
0	43	0	47	0	43	0	38	6	42	0	54
