PSec1:alt	PSec1:ref	PSec2:alt	PSec2:ref	M5:alt	M5:ref	M4:alt	M4:ref	M1:alt	M1:ref	M3:alt	M3:ref	M2:alt	M2:ref
24	19	25	21	34	19	16	20	27	31	26	26	16	32
5	50	0	48	0	57	0	49	0	56	0	48	0	56
6	45	7	48	0	49	0	59	0	63	0	49	18	16
0	44	0	53	0	45	14	38	0	55	0	50	0	55
0	50	0	49	0	55	19	25	0	43	0	57	0	53
0	45	0	58	0	53	17	34	0	50	0	49	0	46
0	61	0	47	0	62	0	55	0	47	0	46	3	58
0	46	0	42	0	54	0	57	0	50	0	44	23	29
0	45	0	41	0	51	15	34	22	25	0	45	0	50
0	61	0	50	0	47	0	54	0	56	0	49	3	37
0	36	0	46	0	55	10	41	25	25	0	41	0	46
0	48	0	44	0	54	14	41	0	47	0	51	0	54
0	58	0	41	0	39	0	38	0	46	0	41	1	36
0	40	0	56	0	49	0	48	0	43	0	54	21	23
0	48	0	50	0	59	0	40	0	44	0	33	1	44
0	38	0	42	0	59	9	46	14	28	0	56	0	52
0	43	0	51	0	48	0	49	0	54	0	47	21	28
0	47	0	46	0	47	0	59	0	41	0	54	18	36
0	51	0	44	0	41	0	53	0	49	0	56	2	58
0	55	0	53	0	53	0	50	0	48	0	53	27	31
0	57	0	52	22	18	0	60	0	55	27	21	0	57
0	39	0	37	23	21	0	42	0	43	20	21	0	63
0	60	0	50	0	47	0	52	0	49	0	59	23	29
0	49	0	43	0	45	16	29	0	56	0	60	0	53
0	52	0	60	0	46	0	35	0	67	0	48	22	35
0	58	0	43	0	48	0	54	0	42	0	57	23	27
0	48	0	47	16	30	0	45	0	59	16	33	0	43
0	58	0	53	0	56	0	45	0	41	0	49	4	46
0	47	0	59	34	25	0	51	0	61	24	24	0	51
0	55	0	49	0	47	0	40	0	58	0	46	6	36
0	44	0	49	0	50	0	48	0	51	0	57	6	50
0	59	0	47	0	38	0	55	0	42	0	47	4	40
0	56	0	59	0	44	0	43	7	55	0	36	0	44
0	47	0	56	20	31	0	56	0	44	15	55	0	49
0	37	0	55	0	49	0	56	0	50	8	51	0	61
0	49	0	52	0	33	0	68	0	50	17	37	0	50
0	46	0	50	28	23	0	49	0	51	0	56	0	43
0	35	0	52	0	59	0	63	0	50	6	52	0	40
0	52	0	56	0	57	9	34	0	50	0	61	0	51
0	65	0	63	0	48	5	40	0	43	0	47	0	51
0	46	0	56	0	54	10	37	0	49	0	35	0	51
0	48	0	58	0	50	7	47	0	45	0	54	0	44
0	42	0	47	0	61	10	44	0	55	0	43	0	41
0	54	0	48	0	39	10	37	0	48	0	63	0	56
0	48	0	59	28	26	0	50	0	53	0	42	0	50
0	50	0	53	0	45	6	32	0	51	0	49	0	34
