PSec1:alt	PSec1:ref	PSec2:alt	PSec2:ref	M5:alt	M5:ref	M4:alt	M4:ref	M1:alt	M1:ref	M3:alt	M3:ref	M2:alt	M2:ref
28	27	29	25	24	31	27	25	24	30	21	32	24	23
0	36	0	53	0	50	0	59	0	46	0	59	26	25
27	28	26	16	28	24	28	16	0	44	0	38	0	51
0	45	0	66	0	37	0	51	27	28	0	48	0	52
0	48	0	48	0	47	0	45	0	62	0	55	14	25
0	48	0	47	0	33	0	48	0	58	19	30	0	45
0	51	0	50	0	65	0	40	0	52	24	13	0	58
0	47	0	39	0	53	0	51	22	25	0	49	0	49
0	59	0	53	0	53	0	51	0	51	22	23	0	55
15	28	26	25	31	30	22	20	0	67	0	51	0	40
0	57	0	48	0	53	0	51	21	25	0	54	0	53
0	51	0	41	0	45	0	56	0	62	21	19	0	41
0	40	0	40	0	45	0	51	0	48	27	26	0	55
0	54	0	64	0	60	0	62	0	37	0	56	24	32
0	53	0	48	0	39	0	59	0	39	0	57	22	20
0	61	0	41	0	35	0	60	8	30	0	57	0	49
0	42	0	42	0	56	0	47	0	56	30	14	0	50
0	62	0	51	0	51	0	42	13	32	0	56	0	50
24	23	29	23	27	31	24	24	0	44	0	48	0	57
0	53	0	43	0	43	0	50	0	47	33	23	0	49
19	24	18	36	30	29	0	54	0	43	0	53	0	47
0	50	0	57	0	55	0	56	0	56	0	54	13	45
0	44	0	43	0	50	0	48	0	52	0	49	8	48
0	55	0	50	0	40	22	25	0	55	0	54	0	46
23	33	9	46	0	54	0	59	0	51	0	49	0	46
14	23	12	43	0	51	0	37	0	47	0	55	0	53
0	43	0	40	0	45	0	46	0	51	26	23	0	49
0	49	0	39	26	30	0	48	0	56	0	50	0	52
22	25	5	40	0	48	0	50	0	55	0	49	0	60
0	55	0	57	0	57	0	52	0	45	24	28	0	61
0	69	0	57	0	52	24	21	0	52	0	50	0	40
0	41	0	58	0	49	33	19	0	56	0	56	0	50
0	46	0	49	20	33	0	40	0	45	0	50	0	41
0	46	0	58	28	24	0	57	0	50	0	43	0	43
30	37	9	52	0	47	0	57	0	44	0	57	0	46
0	47	0	54	0	41	31	24	0	59	0	45	0	37
0	40	0	50	0	52	27	28	0	50	0	49	0	52
0	45	0	54	0	55	23	30	0	51	0	45	0	52
19	21	8	34	0	49	0	52	0	56	0	50	0	45
0	54	6	41	0	58	0	49	0	59	0	65	0	47
0	41	0	41	26	24	0	57	0	49	0	52	0	44
0	52	0	43	0	37	28	21	0	48	0	53	0	42
0	46	0	67	0	43	0	48	0	73	6	53	0	47
0	53	0	45	0	53	0	59	0	38	13	34	0	58
0	41	0	36	0	49	0	50	0	39	11	32	0	45
0	41	0	54	0	49	17	32	0	50	0	69	0	54
0	67	0	58	0	44	3	53	0	64	0	47	0	55
0	41	0	47	8	57	0	54	0	48	0	59	0	52
0	53	0	55	0	53	7	40	0	48	0	63	0	63
0	58	0	45	0	54	3	50	0	50	0	67	0	50
0	48	0	53	4	53	0	55	0	47	0	60	0	49
0	48	0	52	10	35	0	71	0	45	0	41	0	43
0	50	0	46	3	42	0	46	0	60	0	47	0	50
