PSec1:alt	PSec1:ref	PSec2:alt	PSec2:ref	M4:alt	M4:ref	M1:alt	M1:ref	M3:alt	M3:ref	M2:alt	M2:ref
27	23	26	26	27	21	32	22	33	29	36	32
28	26	24	22	24	21	27	33	19	32	32	29
26	23	21	25	22	18	18	19	22	33	25	20
14	36	0	45	19	25	0	48	0	39	0	53
3	49	36	21	0	56	27	28	26	15	29	30
0	48	0	42	27	26	0	49	0	49	0	39
0	41	37	29	0	53	22	32	0	60	5	45
0	47	0	42	27	29	0	51	0	58	0	45
10	44	0	56	0	52	0	42	0	54	0	46
0	49	0	46	0	60	2	47	26	25	21	41
0	48	0	47	21	30	0	53	0	57	0	53
11	55	0	47	0	45	0	52	0	47	0	58
0	58	0	54	0	51	7	45	28	25	19	30
7	45	0	46	0	52	0	41	0	53	0	49
0	49	0	45	35	20	0	47	0	53	0	54
4	41	27	27	0	45	23	27	0	52	2	42
0	51	0	51	0	52	5	39	24	30	22	23
1	52	28	25	0	47	24	25	0	60	3	38
0	53	0	47	26	27	0	61	0	54	0	44
0	52	0	56	23	22	0	54	0	41	0	53
0	38	0	64	0	53	4	35	0	60	0	45
0	54	0	46	0	58	8	43	0	50	0	62
0	55	0	47	31	14	0	50	0	44	0	49
10	41	0	41	0	54	0	64	0	63	0	53
0	48	0	40	0	40	0	54	31	22	14	30
9	44	0	54	0	53	0	61	0	61	0	53
4	39	26	25	0	45	13	31	0	37	6	48
2	37	37	29	0	57	16	32	0	46	4	47
11	24	0	42	0	58	0	52	0	46	0	59
0	48	0	45	0	46	0	41	33	31	16	22
5	56	26	36	0	63	16	36	0	44	2	55
0	57	0	52	0	41	0	54	24	24	22	31
2	63	39	23	0	44	24	30	0	66	5	51
0	50	0	55	0	52	0	41	22	24	14	25
13	34	0	40	0	48	0	50	0	52	0	43
5	44	0	53	0	60	0	49	0	48	0	50
0	49	0	47	0	50	0	62	0	52	0	49
0	46	0	42	0	44	0	49	20	34	21	23
4	34	0	40	0	48	0	40	0	38	0	63
7	39	0	60	0	50	0	52	0	69	0	49
0	39	0	44	7	49	0	49	0	43	0	57
0	52	0	53	0	45	0	54	32	15	0	50
0	64	0	58	0	49	28	44	0	50	0	55
0	49	0	50	0	33	0	57	0	61	0	59
0	44	0	37	0	41	0	49	32	27	0	55
0	51	0	53	7	56	0	50	0	44	0	50
0	47	0	45	0	56	0	51	12	46	0	50
10	38	0	48	0	53	0	59	0	60	0	48
0	60	0	43	0	65	0	44	9	35	0	52
0	52	0	48	0	46	0	41	2	47	0	42
0	50	0	66	0	49	0	44	5	53	0	45
0	56	0	45	0	56	0	56	3	47	0	46
