PSec1:alt	PSec1:ref	PSec2:alt	PSec2:ref	M4:alt	M4:ref	M1:alt	M1:ref	M3:alt	M3:ref	M2:alt	M2:ref
18	29	21	36	28	23	29	30	23	32	25	20
0	43	0	47	0	63	0	48	0	53	6	47
3	48	0	55	0	51	0	56	9	27	0	42
3	59	0	47	0	49	0	61	11	50	0	46
0	46	0	49	20	29	29	22	0	56	11	20
0	48	16	39	0	38	0	35	0	46	0	50
0	46	0	56	0	61	0	42	0	49	9	34
0	46	0	48	0	54	0	48	0	59	16	58
0	53	0	46	0	44	0	52	9	50	0	47
0	54	0	51	0	51	0	42	14	46	0	40
0	51	0	63	18	20	33	25	0	55	12	29
0	50	0	44	0	41	0	44	9	35	0	52
0	64	0	40	0	39	0	47	20	37	0	50
0	63	0	49	0	46	0	54	10	34	0	68
0	52	0	58	12	46	0	43	0	59	12	34
0	60	0	56	8	35	20	37	0	46	0	61
0	36	0	60	18	31	0	50	0	50	0	43
0	47	0	57	0	53	0	53	0	62	16	32
0	52	0	54	0	49	0	43	0	54	9	30
0	52	0	58	10	39	0	47	0	47	0	35
0	58	0	48	0	54	0	54	13	33	0	61
0	42	0	47	0	42	0	37	0	56	19	29
0	57	0	54	0	47	0	43	19	35	0	53
0	54	0	43	0	57	0	55	13	34	0	51
0	44	0	52	11	41	0	50	0	50	0	49
0	60	0	56	0	44	0	53	0	58	7	52
0	49	0	56	16	47	0	50	0	59	0	62
0	42	0	42	0	56	0	46	0	47	9	41
0	60	0	57	14	34	0	49	0	61	0	41
0	58	0	38	0	54	0	51	0	44	18	40
0	54	0	46	8	36	0	46	0	51	0	54
0	53	0	33	0	45	0	52	0	49	10	39
0	59	0	52	0	53	0	58	13	31	0	58
0	53	0	42	0	42	0	53	0	43	9	36
0	59	0	56	0	46	0	61	19	41	0	48
0	57	0	52	9	33	0	46	0	52	0	49
0	58	0	50	6	36	0	44	0	37	0	49
0	36	0	45	0	56	0	48	11	43	0	46
0	58	0	63	18	42	0	37	0	50	0	52
0	53	0	55	14	36	0	59	0	51	0	49
0	52	0	47	0	57	0	51	20	36	0	37
0	49	0	47	7	36	0	48	0	50	0	44
0	36	0	46	0	53	0	60	8	46	0	54
0	61	0	43	9	28	0	34	0	57	0	41
0	56	0	56	16	40	0	64	0	46	0	47
0	63	0	54	13	42	0	46	0	52	0	44
0	48	0	49	0	46	0	57	6	53	0	46
0	46	0	53	0	50	0	52	4	43	0	50
0	53	0	55	7	59	0	56	0	44	0	54
0	52	0	47	7	33	0	64	0	53	0	52
0	47	0	51	3	44	0	38	0	44	0	48
