PSec1:alt	PSec1:ref	PSec2:alt	PSec2:ref	M5:alt	M5:ref	M4:alt	M4:ref	M1:alt	M1:ref	M3:alt	M3:ref	M2:alt	M2:ref
24	31	20	17	31	30	19	24	24	25	20	30	26	23
24	37	32	26	26	32	22	23	37	22	15	13	25	22
0	64	0	52	4	44	26	19	26	17	24	34	23	19
11	43	10	49	32	19	0	50	0	60	0	40	0	52
0	52	0	55	0	39	0	57	0	53	39	31	26	22
9	40	15	27	24	34	0	49	0	54	0	49	0	44
10	47	7	44	20	40	0	44	0	42	0	54	0	54
13	38	14	37	0	44	0	49	0	51	0	43	0	43
13	37	7	32	19	31	0	54	0	53	0	55	0	59
0	42	0	44	0	52	0	63	0	56	33	23	0	46
0	52	0	52	0	58	0	67	0	40	0	45	20	23
18	31	16	26	0	46	0	45	0	58	0	51	0	54
0	38	0	41	0	45	0	39	0	60	0	40	18	27
0	70	0	49	0	51	0	45	0	50	0	52	16	40
0	44	0	37	0	59	0	52	0	52	0	43	20	33
0	56	0	38	0	50	0	42	0	49	36	28	0	49
11	40	7	33	17	22	0	63	0	43	0	46	0	37
0	45	0	62	0	44	0	51	0	35	0	57	23	34
9	35	17	38	0	46	0	56	0	59	0	44	0	55
0	60	0	43	0	45	0	58	0	53	18	23	0	43
13	42	6	31	12	27	0	57	0	46	0	52	0	52
0	64	0	53	0	46	0	45	0	43	0	56	21	27
21	35	16	36	0	47	0	53	0	48	0	43	0	45
0	44	0	52	0	42	0	54	0	46	19	25	0	43
0	47	0	46	4	47	25	26	23	26	0	54	0	47
19	41	19	35	0	51	0	48	0	53	0	36	0	41
0	56	0	50	0	61	0	33	0	54	25	30	0	45
0	56	0	59	0	40	0	48	0	51	0	44	24	27
0	48	0	54	5	49	28	30	5	40	0	52	0	53
18	52	10	46	18	29	0	52	0	44	0	48	0	49
0	46	0	44	0	50	0	60	21	32	0	40	0	55
0	48	0	45	0	53	0	43	0	55	0	58	18	36
0	50	0	48	0	51	0	58	13	32	0	49	0	54
0	52	0	52	0	48	0	41	17	32	0	53	0	45
0	45	0	49	6	57	0	56	0	58	0	47	0	43
0	54	0	49	0	52	0	46	0	46	0	46	18	42
0	38	0	57	0	49	0	48	0	37	22	20	0	44
8	34	4	31	18	31	0	40	0	49	0	52	0	46
0	45	0	52	0	53	0	48	0	64	30	18	0	51
14	48	11	45	15	27	0	60	0	56	0	51	0	37
0	42	0	51	0	44	0	38	0	48	0	50	1	48
0	57	0	56	0	48	0	49	0	57	23	25	0	61
0	56	0	51	5	42	0	53	0	44	0	53	0	66
0	49	0	39	1	31	0	49	0	35	0	39	0	48
19	41	14	33	0	54	0	50	0	59	0	65	0	64
19	47	19	28	0	46	0	50	0	46	0	49	0	56
0	53	0	53	0	45	28	31	0	45	0	50	0	48
14	38	11	45	19	34	0	44	0	51	0	51	0	44
0	42	0	48	0	53	0	42	0	53	0	50	7	50
0	39	0	51	0	52	0	46	0	47	0	52	19	24
0	51	0	50	0	52	0	47	0	46	0	51	23	40
15	33	16	36	0	46	0	52	0	54	0	53	0	54
17	51	4	41	25	37	0	54	0	56	0	58	0	48
0	50	0	47	0	57	0	43	0	53	0	47	19	30
0	48	0	50	0	48	0	56	0	60	28	26	0	56
0	56	0	64	0	44	0	49	0	49	0	49	12	25
0	39	0	58	0	43	0	58	0	54	0	58	9	28
0	61	0	44	0	54	0	61	0	57	0	49	3	48
0	48	0	45	0	57	0	36	0	51	0	42	8	43
0	52	0	58	0	48	0	55	0	55	0	48	4	48
0	39	0	48	0	50	0	41	0	58	0	46	9	32
13	40	9	40	22	25	0	54	0	53	0	48	0	44
0	63	0	49	0	54	0	61	0	52	21	32	0	49
6	37	0	47	22	28	0	48	0	47	0	53	0	54
0	60	0	53	0	41	22	18	0	53	0	59	0	46
17	42	21	34	0	45	0	45	0	54	0	37	0	49
0	57	0	39	0	60	0	50	0	43	23	24	0	39
17	43	12	35	0	55	0	38	0	55	0	45	0	53
0	45	0	50	24	26	0	53	0	55	0	48	0	53
0	60	0	56	21	30	0	45	0	51	0	41	0	44
0	57	0	60	23	22	0	36	0	50	0	35	0	51
0	53	0	47	0	42	0	50	0	41	27	22	0	35
0	43	0	51	0	53	0	53	0	44	22	21	0	60
