PSec1:alt	PSec1:ref	PSec2:alt	PSec2:ref	M5:alt	M5:ref	M4:alt	M4:ref	M6:alt	M6:ref	M1:alt	M1:ref	M3:alt	M3:ref	M2:alt	M2:ref
24	30	32	22	22	26	26	19	23	22	27	27	20	23	24	25
26	26	28	21	23	25	23	19	33	33	27	33	11	32	1	47
0	49	0	53	0	54	0	56	0	44	0	40	0	39	16	23
11	39	13	44	13	32	0	28	21	19	0	64	26	40	0	53
13	39	5	37	0	46	0	41	5	53	0	44	0	45	0	53
0	52	0	49	8	35	28	21	0	67	23	29	0	66	3	47
12	42	17	31	0	60	0	48	2	45	0	52	0	58	0	49
0	42	0	43	0	55	0	42	0	51	0	48	14	37	0	50
16	28	17	42	0	50	0	53	4	34	0	41	0	50	0	46
16	43	6	34	0	50	0	49	2	59	0	61	0	40	0	38
0	49	0	66	0	44	30	29	0	45	0	53	0	55	4	48
0	50	0	45	0	44	0	48	0	46	0	46	0	45	26	29
0	53	0	47	6	55	0	45	0	53	23	31	0	45	0	55
0	53	0	54	0	54	25	22	0	44	0	57	0	50	3	47
0	57	0	48	0	52	24	27	0	38	0	40	0	40	0	43
13	43	12	40	14	26	0	55	18	25	0	40	17	38	0	60
0	64	0	50	0	49	0	63	0	45	0	52	0	45	14	35
14	33	12	34	10	39	0	47	22	34	0	51	9	38	0	54
26	30	14	38	0	45	0	51	2	48	0	47	0	43	0	52
0	67	0	60	0	56	0	49	0	47	0	50	8	43	0	40
0	51	0	46	0	43	0	50	0	30	0	41	16	37	0	59
0	36	0	47	13	50	0	47	0	57	31	25	0	64	0	43
17	30	12	36	19	29	0	57	20	22	0	54	10	38	0	55
15	36	17	40	0	59	0	62	2	38	0	38	0	55	0	39
19	29	11	33	16	34	0	50	25	33	0	42	12	26	0	58
0	46	0	46	0	37	0	44	0	48	11	29	0	50	0	49
11	44	17	32	0	47	0	45	1	38	0	38	0	41	0	51
9	55	10	28	22	37	0	53	18	22	0	60	11	25	0	51
0	46	0	37	0	60	28	31	0	55	0	49	0	39	2	39
15	32	12	34	17	28	0	58	16	32	0	50	19	39	0	52
0	54	0	48	10	45	0	53	0	51	0	56	0	42	0	47
15	27	11	24	8	38	0	52	22	30	0	53	14	35	0	48
21	40	10	29	0	55	0	44	4	52	0	52	0	37	0	56
0	51	0	46	8	60	0	46	0	44	0	39	0	49	0	44
0	59	0	38	0	36	0	61	0	52	0	52	0	52	25	34
9	35	20	38	0	42	0	51	2	56	0	62	0	61	0	56
10	31	15	49	0	52	0	61	3	51	0	54	0	46	0	41
16	44	17	25	0	48	0	57	4	42	0	48	0	39	0	52
13	41	9	41	0	50	0	54	3	49	0	52	0	40	0	56
0	52	0	50	0	41	0	59	0	45	0	56	0	52	2	49
19	40	7	39	0	49	0	35	5	55	0	46	0	55	0	52
0	48	0	40	0	49	0	55	0	49	0	50	9	32	0	54
0	35	0	63	6	45	0	54	0	58	0	50	0	44	0	42
0	59	0	47	0	50	0	50	0	47	0	53	13	36	0	47
0	42	0	51	0	62	0	50	0	39	0	56	0	54	21	23
0	45	0	50	0	51	0	45	0	53	0	51	0	51	4	45
14	36	7	28	13	30	0	63	26	27	0	45	18	38	0	56
0	46	0	47	0	55	0	49	0	49	0	39	0	57	5	47
9	39	9	29	14	32	0	46	22	33	0	66	16	32	0	55
0	52	0	49	17	44	0	52	0	49	0	35	12	38	0	57
0	55	0	40	0	55	0	54	0	52	0	38	0	47	2	61
13	37	7	35	0	48	0	45	1	50	0	52	0	67	0	48
6	44	0	42	0	46	0	49	0	48	0	48	0	58	0	49
0	46	0	57	0	56	0	41	0	51	0	53	0	58	28	24
0	52	0	46	21	29	0	48	0	46	0	62	15	44	0	45
0	63	0	56	13	54	0	42	0	36	0	51	0	50	0	47
0	48	0	43	9	30	0	62	0	47	0	44	0	47	0	40
0	50	0	52	0	51	0	46	25	29	0	52	0	41	0	33
0	44	0	46	0	60	0	62	0	55	0	50	5	48	0	57
0	42	0	46	0	46	0	47	0	46	0	32	0	57	16	28
6	39	4	54	0	51	0	50	0	37	0	59	0	44	0	49
0	58	0	67	8	40	0	52	0	43	0	43	0	52	0	47
0	48	0	40	0	48	0	49	0	52	0	57	7	41	0	64
0	56	0	51	0	47	0	63	0	51	0	53	0	48	0	36
0	57	0	49	0	44	0	47	0	59	0	48	0	50	30	31
0	45	0	44	21	41	0	56	0	43	0	44	0	50	0	58
0	41	0	53	0	55	0	51	0	43	0	47	12	26	0	51
5	65	6	53	0	47	0	44	0	54	0	44	0	70	0	45
10	54	5	31	0	44	0	45	0	42	0	45	0	51	0	46
4	41	4	49	0	55	0	48	0	54	0	43	0	56	0	48
0	48	0	46	5	36	0	60	0	50	0	45	0	52	0	53
10	38	0	49	0	48	0	47	0	59	0	60	0	42	0	53
0	57	0	48	0	38	0	63	0	44	0	45	11	40	0	46
