PSec1:alt	PSec1:ref	PSec2:alt	PSec2:ref	M4:alt	M4:ref	M1:alt	M1:ref	M3:alt	M3:ref	M2:alt	M2:ref
24	23	20	20	25	21	18	37	27	30	21	28
6	37	20	24	23	21	28	29	26	19	25	19
7	40	12	40	25	30	16	23	21	26	25	14
11	37	18	33	20	27	23	26	22	43	28	35
8	40	14	36	32	22	20	28	28	25	40	24
6	49	23	21	30	20	20	25	22	23	17	28
7	38	24	30	25	24	20	43	29	28	16	24
0	49	0	56	26	29	0	44	0	47	0	53
0	39	0	46	0	60	0	45	0	49	28	20
0	53	0	39	0	45	0	64	17	28	0	53
0	46	0	50	0	50	0	46	0	49	5	43
0	30	0	54	0	47	0	51	0	50	17	48
0	57	0	53	18	32	0	48	0	58	0	44
0	55	0	46	0	57	0	50	27	36	0	55
0	38	0	54	0	49	0	54	15	30	0	45
0	53	0	68	0	48	0	50	4	32	0	52
