PSec1:alt	PSec1:ref	PSec2:alt	PSec2:ref	M4:alt	M4:ref	M1:alt	M1:ref	M3:alt	M3:ref	M2:alt	M2:ref
29	24	21	23	25	13	28	30	32	23	26	19
17	40	7	39	35	26	0	50	0	53	0	51
0	53	0	42	0	51	0	48	19	26	0	55
0	48	0	51	0	46	0	52	23	25	0	46
0	48	0	43	0	49	0	50	0	43	23	27
22	28	14	41	39	19	0	52	0	52	0	48
0	59	0	46	0	58	0	51	36	32	0	57
0	47	0	59	0	53	25	23	0	37	0	55
0	58	0	58	0	54	0	52	0	52	28	31
26	31	10	34	27	24	0	42	0	60	0	66
0	37	0	51	0	51	0	55	23	26	0	50
20	29	11	33	28	23	0	41	0	44	0	33
0	52	0	63	0	47	0	39	20	27	0	48
0	49	0	48	0	44	0	45	32	35	0	54
17	29	10	46	26	18	0	52	0	51	0	39
0	33	0	38	0	47	0	50	24	37	0	46
0	48	0	63	0	49	17	35	0	52	0	50
17	25	16	27	29	22	0	62	0	45	0	49
0	59	0	57	0	49	6	40	0	59	0	48
0	38	0	51	0	55	0	53	0	47	23	31
19	30	12	38	0	41	0	50	0	39	0	47
0	63	0	56	0	48	3	50	0	59	0	51
0	46	0	43	0	52	0	42	0	45	26	30
0	55	0	50	0	39	12	51	0	59	0	36
0	58	0	54	34	25	0	65	0	57	0	45
0	49	0	60	0	53	4	50	0	44	0	50
0	48	0	52	0	52	0	46	19	32	0	54
0	57	0	59	0	44	0	44	20	25	0	59
0	52	0	32	0	54	0	43	22	38	0	44
0	57	0	62	0	39	0	59	5	49	0	38
0	52	0	56	0	54	0	50	3	45	0	56
0	55	0	54	10	44	0	40	0	51	0	37
0	48	0	48	2	45	0	41	0	57	0	40
0	41	0	51	9	60	0	60	0	38	0	52
0	59	0	44	4	45	0	56	0	46	0	53
