PSec1:alt	PSec1:ref	PSec2:alt	PSec2:ref	M4:alt	M4:ref	M1:alt	M1:ref	M3:alt	M3:ref	M2:alt	M2:ref
34	23	23	30	24	27	23	26	17	24	28	20
0	51	0	47	15	32	0	51	0	54	0	52
13	30	0	58	6	56	0	56	0	56	0	55
0	65	0	47	25	24	0	35	0	48	0	43
0	48	0	55	25	36	0	52	0	50	0	60
0	51	0	49	0	42	21	30	26	26	0	40
0	43	0	41	0	41	0	43	0	44	25	22
0	50	0	53	23	24	0	49	0	49	0	43
0	50	0	52	0	52	0	51	0	50	30	24
0	50	0	46	0	37	0	37	0	52	26	29
0	54	0	53	13	29	0	42	0	40	0	54
0	56	0	55	0	51	29	30	23	17	0	53
0	50	0	49	7	51	0	69	0	53	0	64
0	56	0	52	25	28	0	39	0	42	0	55
0	35	0	56	0	45	0	45	27	23	0	48
0	43	0	46	0	45	0	58	38	20	0	36
0	46	0	51	0	62	0	51	0	40	25	18
0	59	0	39	7	40	0	55	0	57	0	48
0	46	0	60	0	55	0	46	0	56	20	32
0	53	0	38	24	30	0	47	0	42	0	45
0	42	0	54	16	34	0	44	0	50	0	56
0	54	0	52	0	39	0	48	20	26	0	50
0	52	0	57	23	26	0	55	0	54	0	53
0	47	0	46	0	55	0	56	22	26	0	53
0	46	0	55	24	26	0	54	0	44	0	59
0	38	0	41	0	45	0	58	0	68	29	26
0	52	0	62	5	44	0	50	0	56	0	42
0	44	0	55	14	33	0	58	0	52	0	47
0	59	0	49	0	61	0	34	5	42	0	41
0	47	0	51	14	28	0	48	0	36	0	41
0	53	0	52	0	56	0	51	8	33	0	46
0	52	0	35	0	41	0	56	0	62	28	25
0	47	0	45	0	54	0	55	0	45	27	26
0	58	0	36	0	40	0	51	0	56	36	22
0	42	0	42	0	52	0	45	0	48	25	31
0	45	0	52	24	34	0	54	0	57	0	52
0	32	0	43	22	33	0	44	0	51	0	47
0	44	0	39	12	28	0	54	0	50	0	50
0	50	0	41	5	41	0	53	0	57	0	49
0	44	0	63	2	33	0	47	0	49	0	39
0	52	0	52	3	49	0	54	0	48	0	52
0	49	0	44	0	49	0	50	0	40	15	30
0	47	0	45	11	49	0	43	0	43	0	51
0	48	0	46	9	43	0	41	0	65	0	53
