PSec1:alt	PSec1:ref	PSec2:alt	PSec2:ref	M4:alt	M4:ref	M1:alt	M1:ref	M3:alt	M3:ref	M2:alt	M2:ref
32	26	23	39	20	29	23	27	18	30	26	31
8	38	0	42	0	46	0	47	0	44	0	58
4	47	16	26	20	32	0	38	0	64	0	46
6	45	0	45	0	44	22	16	30	14	28	21
11	41	2	49	23	25	0	38	0	43	0	52
0	55	15	26	0	39	0	37	0	58	0	52
0	60	0	51	7	57	0	56	0	54	0	45
5	49	0	44	0	42	0	59	0	47	0	48
0	57	0	51	13	41	0	59	0	59	0	45
0	55	0	58	22	28	0	57	0	49	0	43
0	43	0	43	3	60	0	53	0	59	0	33
0	48	0	52	26	28	0	44	0	46	0	56
0	55	0	53	4	42	0	49	0	52	0	58
0	34	0	49	0	50	0	45	29	26	0	51
0	56	0	54	3	51	0	37	0	69	0	44
0	37	0	47	0	59	17	29	0	50	0	54
0	49	0	59	4	51	0	44	0	51	0	52
0	45	0	49	0	43	0	62	26	29	0	43
0	55	0	57	0	55	0	44	0	45	25	26
0	48	0	43	16	23	0	42	0	38	0	49
0	53	0	46	0	53	0	48	0	50	20	27
0	43	0	50	5	45	0	64	0	52	0	33
0	53	0	58	0	53	0	47	0	38	24	18
0	57	0	50	3	54	0	36	0	43	0	60
0	44	0	53	17	27	0	51	0	58	0	48
0	50	0	50	11	43	0	51	0	57	0	56
0	52	0	62	0	65	0	48	0	60	2	53
0	58	0	41	27	34	0	61	0	56	0	45
0	68	0	46	22	25	0	45	0	41	0	52
0	46	0	56	3	46	0	49	0	53	0	61
0	68	0	56	0	49	0	47	3	35	0	57
0	39	0	43	6	47	0	51	0	53	0	53
0	61	0	52	3	52	0	59	0	47	0	65
0	61	0	62	5	49	0	51	0	43	0	50
0	59	0	45	11	35	0	46	0	50	0	51
