PSec1:alt	PSec1:ref	PSec2:alt	PSec2:ref	M4:alt	M4:ref	M1:alt	M1:ref	M3:alt	M3:ref	M2:alt	M2:ref
23	28	19	22	24	21	25	24	22	13	28	22
0	43	0	42	3	48	0	58	0	37	0	48
0	60	0	52	0	47	26	22	0	47	24	24
0	49	0	51	2	33	0	46	0	49	0	47
12	33	0	45	14	34	0	48	27	30	0	55
8	41	26	23	0	51	0	43	0	53	0	46
0	51	0	50	5	42	0	52	0	49	0	42
0	48	0	60	7	47	0	48	0	38	0	50
0	51	0	36	0	52	0	55	0	46	21	24
0	42	0	57	0	44	0	44	0	45	30	18
12	38	25	37	0	62	0	48	0	52	0	58
0	55	0	48	0	66	26	26	0	55	0	59
0	44	0	49	0	56	0	52	0	52	21	29
0	51	0	48	0	51	30	20	0	47	0	58
0	56	0	53	7	39	0	56	0	51	0	63
10	28	14	28	0	48	0	55	0	63	0	38
0	59	0	46	0	41	0	53	0	52	27	22
0	49	0	58	4	40	0	54	0	41	0	44
0	49	0	55	0	76	0	57	0	46	20	35
6	40	0	58	30	34	0	52	18	29	0	49
6	40	35	29	0	51	0	56	0	44	0	51
8	41	21	24	0	38	0	42	0	48	0	57
17	33	0	61	17	27	0	64	19	38	0	61
0	66	0	59	0	55	0	46	0	57	24	20
0	58	0	45	19	29	0	63	0	55	0	43
0	40	0	45	0	54	34	21	0	49	0	52
0	51	0	44	24	23	0	56	0	59	0	58
0	50	0	58	17	34	0	43	0	35	0	49
0	54	0	54	4	46	0	48	0	41	0	46
0	59	0	46	0	51	0	58	20	38	0	59
0	51	0	44	0	46	0	48	0	45	1	44
0	54	0	41	0	53	0	52	0	52	4	49
0	53	0	50	0	57	0	49	0	58	4	50
0	48	0	49	0	42	0	54	0	53	16	38
0	51	0	41	9	44	0	60	0	40	0	52
0	54	0	43	12	36	0	44	0	58	0	47
0	48	0	53	11	37	0	63	0	47	0	56
12	43	21	23	0	50	0	45	0	43	0	38
0	45	0	36	0	44	0	41	20	22	0	59
0	41	0	43	0	47	4	39	0	44	0	50
0	49	9	31	0	52	0	41	0	47	0	49
