PSec1:alt	PSec1:ref	PSec2:alt	PSec2:ref	M5:alt	M5:ref	M4:alt	M4:ref	M7:alt	M7:ref	M6:alt	M6:ref	M1:alt	M1:ref	M3:alt	M3:ref	M2:alt	M2:ref
21	32	23	23	18	32	27	27	27	18	17	17	25	24	22	21	29	15
24	31	26	24	0	46	26	22	0	53	0	55	0	48	11	34	0	47
0	40	0	48	0	64	0	57	0	42	0	52	0	41	0	37	3	40
0	56	0	48	0	52	0	47	0	46	0	48	0	59	0	46	4	52
23	22	31	32	0	55	29	26	0	56	0	53	0	55	12	29	0	51
0	46	0	42	26	23	0	46	25	18	28	24	31	19	12	37	19	33
0	39	0	64	40	27	0	31	21	29	26	22	29	26	12	34	11	38
0	51	0	50	20	28	0	47	23	26	36	25	25	25	10	37	26	38
0	52	0	44	32	26	0	50	21	20	17	28	34	16	6	34	23	31
0	51	0	39	0	54	0	38	0	50	0	52	0	45	0	47	3	52
26	26	30	28	0	48	8	41	0	50	0	48	0	57	7	39	0	56
20	26	23	24	0	66	6	51	0	55	0	54	0	51	16	41	0	54
23	29	38	23	0	53	14	45	0	64	0	48	0	50	15	38	0	45
0	52	0	39	0	57	0	55	0	47	0	51	0	48	0	51	4	50
0	51	0	60	1	53	0	46	0	53	0	39	4	43	0	54	18	33
0	57	0	43	5	42	0	50	0	60	0	39	2	43	0	61	25	35
0	59	0	53	4	44	0	48	0	55	0	58	2	35	0	40	21	28
0	57	0	39	0	45	14	24	0	44	0	47	0	53	0	51	0	52
0	53	0	51	0	55	0	38	0	45	0	44	0	49	0	51	20	32
0	44	0	48	0	46	11	32	0	47	0	55	0	50	0	39	0	53
0	38	0	63	25	31	0	50	0	49	0	56	0	48	0	45	0	43
0	50	0	33	0	33	0	47	0	63	0	51	0	48	0	52	4	49
0	39	0	51	7	51	0	50	0	39	0	32	0	45	0	66	0	40
25	24	19	16	0	59	12	42	0	51	0	50	0	57	10	32	0	51
0	48	0	52	19	36	0	50	0	51	0	51	0	55	0	59	0	49
0	46	0	43	0	56	0	38	30	20	0	45	0	47	0	54	0	47
0	58	0	46	0	53	0	49	0	41	0	54	0	62	15	31	0	41
0	63	0	50	4	42	0	50	0	61	0	50	0	46	0	49	0	50
28	21	28	20	0	46	11	37	0	56	0	44	0	54	17	39	0	53
25	27	28	28	0	43	8	41	0	48	0	48	0	58	12	26	0	48
0	36	0	67	0	40	0	50	0	49	28	20	0	52	0	52	0	48
0	57	0	49	0	56	0	45	0	48	15	24	0	48	0	45	0	47
0	44	0	48	0	48	0	40	0	48	28	19	0	42	0	50	0	56
0	51	0	48	0	52	0	44	0	43	0	55	0	45	12	43	0	54
0	42	0	43	0	39	0	53	0	52	25	26	0	55	0	48	0	51
0	71	0	51	0	38	0	53	0	50	0	47	0	52	0	57	4	47
0	39	0	47	0	47	14	31	0	56	0	62	0	61	0	49	0	45
0	45	0	41	0	57	0	62	0	58	0	57	0	51	12	44	0	61
0	35	0	51	0	60	0	54	24	21	0	41	0	36	0	46	0	34
0	35	0	50	0	50	19	33	0	41	0	53	0	57	0	59	0	49
0	56	0	31	8	38	0	48	0	42	0	55	0	45	0	39	0	46
0	54	0	44	0	53	0	52	0	61	0	39	0	50	26	37	0	51
0	45	0	48	0	46	0	64	28	30	0	49	0	60	0	47	0	32
0	61	0	36	6	46	0	46	0	44	0	53	0	49	0	41	0	48
0	59	0	33	8	36	0	41	0	35	0	59	0	42	0	48	0	49
0	42	0	41	0	50	17	37	0	48	0	64	0	52	0	39	0	46
0	57	0	63	0	39	0	49	0	52	0	45	0	39	0	58	0	47
0	40	0	53	15	42	0	59	0	56	0	50	0	42	0	54	0	52
0	48	0	51	0	54	19	32	0	51	0	43	0	47	0	52	0	60
0	54	0	58	8	48	0	62	0	54	0	69	0	41	0	47	0	55
0	44	0	54	0	60	0	40	0	51	0	47	0	35	7	40	0	62
0	57	0	45	0	62	0	64	0	54	24	30	0	42	0	62	0	58
0	63	0	58	0	44	0	49	0	39	0	49	0	49	0	52	25	27
0	49	0	49	0	44	0	42	0	50	30	31	0	51	0	42	0	54
0	53	0	54	4	44	0	49	0	54	0	56	0	46	0	38	0	53
0	53	0	50	0	77	0	40	0	49	0	54	0	46	7	35	0	42
0	36	0	46	14	33	0	47	0	54	0	43	0	52	0	59	0	43
0	47	0	61	0	57	0	50	0	50	0	45	0	62	0	46	17	32
0	40	0	59	13	24	0	40	0	58	0	48	0	52	0	49	0	55
0	48	0	47	9	41	0	48	0	48	0	47	0	60	0	40	0	49
0	43	0	53	0	38	0	45	0	45	0	52	0	63	0	42	14	37
0	50	0	50	0	55	14	33	0	54	0	61	0	41	0	51	0	44
0	53	0	39	0	64	0	39	0	47	0	35	0	50	18	41	0	54
0	65	0	39	0	59	0	53	0	49	0	53	0	46	0	48	4	47
0	49	0	55	0	44	13	32	0	50	0	48	0	55	0	52	0	39
0	50	0	56	0	57	16	37	0	51	0	49	0	45	0	45	0	44
0	59	0	55	0	50	0	47	23	22	0	44	0	51	0	40	0	49
27	26	17	23	0	47	9	42	0	40	0	63	0	50	13	32	0	55
0	54	0	55	0	45	13	38	0	55	0	54	0	39	0	50	0	40
0	62	0	55	0	45	0	53	0	58	0	52	0	50	11	39	0	48
28	35	26	26	0	40	7	32	0	41	0	51	0	53	17	37	0	62
0	53	0	50	0	66	0	53	0	63	24	29	0	41	0	50	0	52
0	61	0	47	0	55	0	56	12	19	0	48	0	39	0	51	0	47
0	52	0	59	0	57	0	45	0	44	0	47	0	50	17	33	0	46
0	40	0	56	0	46	0	55	0	43	0	45	0	29	12	51	0	65
0	64	0	46	0	53	21	31	0	55	0	42	0	58	0	55	0	46
0	56	0	47	0	63	0	51	0	51	33	20	0	55	0	46	0	51
0	53	0	51	0	50	0	42	0	40	0	50	0	47	14	35	0	45
0	47	0	41	17	28	0	53	0	47	0	60	0	38	0	55	0	62
29	33	22	25	0	50	10	38	0	45	0	45	0	46	11	38	0	51
0	52	0	41	0	64	0	53	0	40	23	30	0	50	0	53	0	53
0	46	0	40	0	50	0	54	0	51	0	57	0	54	7	29	0	42
0	56	0	49	0	55	0	50	0	47	0	45	0	44	5	59	0	44
0	45	0	46	0	58	0	47	0	54	16	32	0	44	0	57	0	42
0	52	0	32	0	46	0	51	0	52	0	60	0	58	1	54	0	48
0	52	0	42	0	44	0	53	29	27	0	42	0	45	0	56	0	60
0	50	0	44	0	43	0	62	0	63	10	37	0	41	0	49	0	46
0	42	0	51	0	52	0	51	21	25	0	40	0	47	0	43	0	49
0	49	0	50	0	50	8	51	0	47	0	55	0	54	0	73	0	55
0	50	0	53	0	55	0	39	0	45	0	51	0	52	6	37	0	41
0	55	0	49	0	43	0	47	0	52	0	63	0	40	7	38	0	44
0	48	0	48	0	51	0	42	22	27	0	46	0	47	0	47	0	60
0	46	0	53	0	45	0	54	0	60	0	43	0	60	4	50	0	56
