PSec1:alt	PSec1:ref	PSec2:alt	PSec2:ref	M5:alt	M5:ref	M4:alt	M4:ref	M7:alt	M7:ref	M6:alt	M6:ref	M1:alt	M1:ref	M3:alt	M3:ref	M2:alt	M2:ref	M8:alt	M8:ref
17	25	30	28	27	29	21	26	30	26	15	17	27	26	29	21	27	28	28	23
0	60	0	49	0	46	0	51	0	56	0	45	0	51	24	24	0	54	0	45
27	30	34	30	14	34	1	49	22	32	0	48	4	51	0	65	30	25	35	26
27	21	25	28	20	25	2	39	26	25	0	60	4	50	0	57	18	19	26	29
0	45	0	41	0	56	0	55	0	45	0	63	0	37	24	33	0	38	0	69
0	51	0	43	0	42	19	35	0	47	27	31	0	45	0	53	0	70	0	47
0	41	0	59	0	43	0	35	0	58	0	56	0	48	29	25	0	56	0	52
0	45	0	52	0	59	20	21	0	49	29	27	0	43	0	43	0	52	0	39
25	35	37	27	15	27	4	41	16	37	0	52	7	39	0	44	0	60	20	19
0	45	0	50	3	48	0	57	0	36	0	45	20	31	0	55	0	41	0	49
0	57	0	50	0	59	27	33	0	54	23	19	0	39	0	58	0	51	0	50
0	53	0	53	0	43	20	17	0	59	20	22	0	50	0	55	0	38	0	44
17	30	29	32	27	26	9	48	16	24	0	37	3	53	0	47	0	47	32	17
25	30	14	24	23	26	3	43	19	35	0	44	6	34	0	39	0	49	18	28
0	44	0	43	0	46	0	37	0	36	0	42	0	45	25	39	0	45	0	46
0	52	0	39	0	54	0	60	0	54	0	62	0	39	17	27	0	55	0	61
0	58	0	58	0	40	0	49	0	46	0	38	0	26	28	21	0	56	0	48
0	52	0	51	0	51	21	33	0	60	24	27	0	43	0	52	0	40	0	49
0	39	0	59	0	51	20	28	0	51	17	23	0	44	0	54	0	48	0	58
19	25	28	30	19	37	2	47	16	26	0	27	7	45	0	31	0	38	27	28
0	54	0	47	0	46	25	29	0	52	19	18	0	46	0	47	0	47	0	51
0	48	0	46	0	65	0	60	0	56	0	52	0	58	24	24	0	50	0	54
0	51	0	49	0	59	20	41	0	46	21	27	0	50	0	52	0	41	0	45
0	64	0	34	0	49	18	27	0	34	32	15	0	53	0	50	0	59	0	51
0	48	0	51	0	63	0	52	8	43	0	51	0	49	0	53	0	50	0	53
0	51	0	63	0	57	0	52	0	48	0	60	2	45	0	48	0	49	0	52
0	43	0	50	0	48	0	50	0	37	0	58	4	45	0	41	0	50	0	61
0	55	0	56	0	44	0	46	0	52	0	54	0	43	0	43	23	23	0	47
0	58	0	39	0	54	0	43	0	48	0	38	0	52	27	19	0	56	0	62
0	36	0	49	0	47	0	52	0	43	0	57	15	30	0	45	0	48	0	58
0	59	0	49	0	52	0	47	0	38	0	44	0	55	19	29	0	48	0	52
0	51	0	48	0	57	0	53	0	41	0	51	0	48	21	14	0	40	0	47
0	44	0	43	0	44	0	45	0	54	0	55	0	44	0	63	0	53	0	53
0	38	0	52	0	37	0	48	0	40	0	49	19	33	0	44	0	50	0	53
0	62	0	51	0	40	0	54	0	45	0	39	0	54	0	46	25	18	0	50
0	52	0	54	0	41	12	42	0	54	0	59	0	44	0	50	0	53	0	60
0	46	0	48	0	52	15	30	0	45	21	32	0	47	0	55	0	46	0	41
0	48	0	38	0	66	0	62	6	42	0	45	0	44	0	41	0	53	0	56
22	34	26	22	27	33	3	48	18	35	0	44	2	38	0	49	0	40	23	21
0	36	0	36	0	41	0	62	0	43	0	64	19	35	0	62	0	47	0	55
0	49	0	44	0	44	0	45	6	56	0	58	0	40	0	51	0	59	0	58
0	50	0	48	0	50	0	60	0	53	0	45	19	30	0	49	0	55	0	41
13	53	0	58	4	51	3	53	11	28	0	61	0	60	0	55	0	59	31	24
0	55	0	46	2	45	0	38	0	45	0	48	0	45	0	43	0	52	0	47
0	50	0	59	0	51	0	38	0	60	0	53	0	49	0	48	11	43	0	47
0	47	0	41	0	50	0	44	17	30	0	53	0	50	0	50	0	50	0	49
19	18	24	19	18	36	0	39	0	63	0	60	2	49	0	55	0	60	0	53
0	55	0	45	0	49	0	57	6	48	0	55	0	46	0	54	0	42	0	47
0	59	0	57	0	35	0	49	7	37	0	46	0	41	0	42	0	58	0	45
0	39	0	36	0	47	0	46	0	53	0	58	0	54	0	54	0	51	25	30
0	43	0	53	0	48	0	53	21	23	0	50	0	40	0	53	0	54	0	60
0	44	0	58	2	50	0	53	0	57	0	51	0	47	0	33	0	51	0	51
0	40	0	46	0	49	0	58	6	36	0	55	0	58	0	63	0	56	0	51
0	53	0	44	1	49	0	42	0	55	0	47	0	53	0	47	0	49	0	56
0	59	0	43	0	46	2	54	0	57	0	49	0	47	0	65	0	53	0	51
0	65	0	47	0	59	0	45	0	56	0	44	15	31	0	50	0	55	0	49
0	50	0	48	0	54	0	41	0	58	0	47	0	46	0	60	0	47	27	21
0	47	0	37	0	51	0	41	0	47	0	58	13	29	0	41	0	48	0	57
0	59	0	51	0	55	0	54	0	48	0	40	0	66	0	43	0	57	27	23
0	40	0	38	0	63	0	45	0	55	0	60	0	43	0	59	0	56	34	31
8	41	20	23	0	46	0	46	0	41	0	55	0	48	0	48	0	54	0	50
0	50	0	53	0	38	0	63	0	49	22	31	0	51	0	54	0	69	0	51
0	63	0	37	0	40	0	61	0	58	0	64	7	55	0	37	0	58	0	47
9	49	14	21	0	49	0	43	0	43	0	54	0	51	0	37	0	53	0	53
0	45	0	51	5	45	0	52	0	40	0	52	0	56	0	42	0	46	0	47
0	48	0	39	0	52	0	51	21	27	0	42	0	40	0	71	0	42	0	63
0	56	9	42	0	50	0	35	0	45	0	50	0	53	0	59	0	52	0	50
0	41	0	54	0	48	0	46	0	61	0	57	22	38	0	51	0	60	0	46
0	58	0	58	0	51	0	47	0	37	0	48	2	36	0	47	0	45	0	49
0	53	0	49	17	37	0	67	0	51	0	54	0	49	0	45	0	44	0	48
0	53	0	61	1	33	0	45	0	53	0	58	0	50	0	46	0	46	0	39
0	48	0	54	0	60	0	54	9	39	0	50	0	57	0	42	0	66	0	57
0	44	0	46	0	50	0	53	0	38	3	55	0	54	0	48	0	42	0	36
0	46	0	48	0	57	0	53	0	59	0	50	0	59	0	59	0	38	15	40
