PSec1:alt	PSec1:ref	PSec2:alt	PSec2:ref	M5:alt	M5:ref	M4:alt	M4:ref	M7:alt	M7:ref	M6:alt	M6:ref	M1:alt	M1:ref	M3:alt	M3:ref	M2:alt	M2:ref	M8:alt	M8:ref
22	22	21	29	31	28	22	22	26	15	23	18	25	18	30	21	19	34	27	29
14	34	4	40	0	70	0	40	0	58	0	52	0	59	0	61	0	47	0	51
9	53	5	47	0	50	0	56	0	50	0	53	0	62	0	44	0	51	0	40
15	36	17	21	0	42	26	30	23	16	20	31	0	57	26	22	22	19	20	25
0	57	0	54	32	22	0	50	0	58	0	44	0	52	0	63	0	43	0	69
0	52	0	57	20	20	0	54	0	55	0	62	0	58	0	46	0	55	0	51
0	55	0	39	0	63	0	44	0	61	0	47	27	24	0	50	0	50	0	49
11	28	20	33	0	47	28	23	28	21	31	34	0	60	18	20	24	21	27	27
0	39	0	55	25	25	0	49	0	46	0	43	0	54	0	47	0	48	0	46
14	46	3	32	0	47	0	49	0	41	0	50	0	43	0	44	0	45	0	47
10	41	7	53	0	51	20	24	0	45	0	46	0	54	0	59	0	38	0	57
0	49	0	66	0	33	0	44	0	55	0	50	22	16	0	49	0	58	0	51
9	31	8	42	0	69	0	53	0	44	0	59	0	61	0	47	0	60	0	43
18	42	3	48	0	47	0	47	0	43	0	46	0	66	0	43	0	46	0	44
0	49	0	60	0	55	0	53	0	45	19	28	0	48	0	38	0	57	0	40
0	54	0	50	0	42	0	49	0	44	0	57	0	53	0	63	0	57	20	22
0	59	0	55	0	45	20	17	0	53	0	51	0	43	0	39	0	57	0	63
14	46	3	44	0	59	0	61	0	46	0	49	0	47	0	51	0	52	0	54
0	57	0	43	0	56	0	45	26	22	0	59	0	49	0	47	28	21	0	50
0	54	0	37	0	49	0	55	0	57	0	54	7	59	0	53	0	46	0	50
3	47	9	55	0	55	0	51	0	42	0	51	0	56	0	43	0	44	0	55
0	49	0	45	0	38	0	52	0	56	0	48	0	61	0	58	0	43	26	19
0	47	0	48	0	51	0	37	24	26	0	47	0	59	0	51	32	30	0	49
0	44	0	58	0	53	0	42	0	53	25	33	0	39	0	50	0	52	0	36
8	36	3	44	0	47	0	46	0	65	0	62	0	51	0	57	0	52	0	67
0	52	0	44	0	68	0	49	0	40	0	46	0	42	28	28	0	42	0	52
0	55	0	44	0	42	0	61	0	39	0	47	0	45	23	25	0	36	0	42
0	54	0	42	0	45	0	54	34	20	0	47	0	38	0	39	3	41	0	51
0	45	0	52	0	66	0	49	0	44	29	31	0	40	0	67	0	38	0	56
0	59	0	50	0	45	0	42	27	26	0	52	0	50	0	56	0	55	0	48
0	51	0	51	0	65	0	51	0	60	0	45	0	54	0	57	6	39	0	57
9	40	12	34	0	62	0	41	0	50	0	58	0	46	0	47	0	42	0	65
0	50	0	57	0	45	0	47	0	45	0	47	0	56	5	43	0	55	0	52
0	54	0	59	0	49	0	37	0	43	0	37	0	47	4	45	0	63	0	55
9	31	1	37	0	54	0	49	0	45	0	46	0	51	0	52	0	74	0	44
0	47	0	63	0	44	2	54	0	42	0	37	0	33	0	52	0	44	0	47
4	38	10	56	0	51	0	49	0	54	0	48	0	52	0	56	0	45	0	41
0	45	0	55	0	68	0	48	0	40	0	46	0	47	0	60	0	52	26	17
10	33	4	44	0	49	0	50	0	51	0	64	0	54	0	43	0	54	0	57
0	48	0	45	0	53	0	55	21	23	0	54	0	49	0	50	0	61	0	56
0	46	0	61	0	49	0	51	19	28	0	49	0	50	0	53	0	48	0	47
0	41	0	37	0	46	0	51	0	35	0	47	0	66	0	49	0	44	21	45
0	45	0	53	0	44	0	54	0	50	23	29	0	51	0	47	0	37	0	45
0	58	0	52	28	24	0	52	0	40	0	37	0	56	0	45	0	52	0	43
0	61	0	43	0	34	0	46	19	29	0	46	0	49	0	48	0	59	0	55
0	62	0	45	0	43	0	55	0	46	0	40	0	54	0	54	0	59	29	23
0	50	0	45	0	56	0	54	0	50	0	44	0	56	0	38	0	59	22	30
0	47	0	58	0	58	0	54	0	43	0	52	0	49	0	63	0	48	2	59
