PSec1:alt	PSec1:ref	PSec2:alt	PSec2:ref	M5:alt	M5:ref	M4:alt	M4:ref	M7:alt	M7:ref	M6:alt	M6:ref	M1:alt	M1:ref	M3:alt	M3:ref	M2:alt	M2:ref
20	32	33	32	29	28	24	22	24	24	33	21	26	22	23	19	22	19
0	43	5	51	10	36	0	55	0	46	26	23	30	24	25	23	0	52
21	34	25	34	0	46	19	21	22	27	0	45	0	50	0	39	6	49
6	45	0	42	0	59	0	63	0	48	0	65	0	62	0	54	0	50
13	36	0	65	0	39	0	55	0	48	0	50	0	44	0	53	0	70
0	54	0	44	0	47	0	52	0	62	31	19	36	25	25	24	0	48
0	51	0	51	0	57	25	26	21	18	0	64	0	41	0	43	0	58
0	51	0	45	0	58	19	22	18	20	0	54	0	57	0	48	0	49
0	55	0	58	13	40	0	46	0	53	0	59	0	42	0	51	0	59
0	59	0	60	0	32	21	19	26	29	0	53	0	49	0	50	0	56
0	50	0	42	0	47	0	40	0	46	26	23	27	23	32	19	0	65
0	57	0	56	0	63	0	55	0	53	0	50	0	46	0	60	2	39
0	37	0	50	0	55	0	46	0	58	0	44	0	53	0	48	4	39
0	68	0	54	20	31	0	54	0	47	0	48	0	60	0	62	16	33
0	53	0	60	0	55	0	39	0	59	0	61	0	61	0	69	3	47
0	36	0	47	0	45	22	12	22	27	0	54	0	58	0	51	0	65
0	51	0	58	0	40	19	14	25	15	0	50	0	44	0	57	0	45
0	45	0	53	0	53	0	42	0	45	0	55	12	44	0	41	0	45
0	45	0	56	0	47	22	26	35	31	0	44	0	37	0	41	0	60
0	58	0	43	0	56	0	63	0	59	0	47	7	58	0	58	0	54
0	45	0	46	0	41	0	63	0	49	28	20	0	34	22	23	0	58
0	41	0	56	18	36	0	49	0	47	0	42	0	49	0	65	12	27
0	42	0	58	0	44	0	41	0	44	21	24	0	53	13	32	0	50
0	66	0	34	0	46	0	45	0	59	25	25	0	65	23	19	0	50
0	48	0	44	0	43	0	43	0	55	15	16	0	47	21	20	0	46
0	50	0	49	14	33	0	55	0	40	0	51	0	46	0	48	21	31
0	56	0	62	0	60	0	49	0	52	34	24	0	54	23	25	0	50
0	63	0	51	0	41	0	46	0	51	0	41	0	54	0	52	6	45
0	51	0	41	0	45	0	48	0	47	0	50	0	45	0	46	0	42
0	41	0	48	0	47	28	24	33	27	0	50	0	60	0	68	0	66
0	55	0	56	0	46	0	46	0	53	30	24	0	45	26	29	0	57
0	57	0	42	13	42	0	48	0	50	0	60	0	49	0	53	0	44
0	47	0	58	11	26	0	56	0	50	0	47	0	39	0	46	0	37
0	49	0	53	0	57	21	15	18	27	0	52	0	48	0	55	0	60
0	44	0	50	0	47	29	24	36	27	0	45	0	41	0	53	0	47
0	39	0	51	9	38	0	51	0	49	0	54	0	62	0	50	0	50
0	50	0	47	0	54	0	49	0	48	33	28	0	52	31	19	0	45
0	48	0	50	0	61	37	24	17	25	0	58	0	48	0	60	0	56
0	43	0	48	0	61	0	60	0	56	17	29	0	52	0	52	0	49
0	47	0	38	15	30	0	44	0	51	0	51	0	50	0	56	0	50
0	49	0	57	12	36	0	47	0	54	0	38	0	58	0	62	0	57
0	51	0	55	0	58	0	48	0	51	21	28	0	41	0	49	0	43
0	50	0	61	15	34	0	37	0	53	0	48	0	53	0	57	0	73
0	57	0	43	0	61	5	45	25	28	0	52	0	45	0	53	0	34
0	60	0	57	24	31	0	55	0	51	0	67	0	47	0	44	0	39
0	46	0	41	0	49	0	66	0	57	21	32	0	43	0	70	0	54
0	60	0	56	0	49	0	49	0	36	33	15	0	48	0	54	0	50
0	56	0	43	8	45	0	52	0	50	0	50	0	40	0	45	0	51
0	54	0	42	5	51	0	57	0	58	0	51	0	51	0	70	0	55
0	50	0	64	0	37	4	46	34	23	0	36	0	41	0	52	0	53
0	48	0	47	0	45	4	42	0	49	0	49	0	45	0	50	0	50
0	55	0	55	0	50	0	44	0	43	20	28	0	47	0	47	0	46
0	54	0	56	0	43	0	61	22	25	0	52	0	51	0	67	0	54
0	40	0	39	0	56	0	49	1	58	0	65	0	48	0	57	0	46
