PSec1:alt	PSec1:ref	PSec2:alt	PSec2:ref	M5:alt	M5:ref	M4:alt	M4:ref	M7:alt	M7:ref	M6:alt	M6:ref	M1:alt	M1:ref	M3:alt	M3:ref	M2:alt	M2:ref	M8:alt	M8:ref
27	22	20	29	22	30	30	28	22	26	24	26	23	24	24	26	33	20	18	23
20	18	21	17	27	26	30	18	22	19	23	20	0	47	21	32	19	26	20	23
25	23	26	25	21	22	26	18	20	28	22	18	0	53	25	26	33	35	29	29
0	61	0	52	0	56	0	54	0	32	0	60	19	17	0	60	0	48	0	59
0	43	0	48	0	38	0	50	0	45	0	55	0	65	0	54	17	22	0	60
0	49	0	48	0	61	0	50	0	42	0	50	26	28	0	41	0	51	0	60
22	29	32	25	20	19	30	26	27	34	23	21	0	51	22	25	0	48	22	23
17	29	18	24	18	31	29	26	29	21	31	25	0	45	21	32	0	50	26	28
0	55	0	49	0	56	0	61	0	42	0	41	13	41	0	35	0	51	0	57
0	58	0	49	0	43	0	69	0	46	0	52	5	41	0	45	0	51	0	62
0	59	0	62	0	52	0	37	0	51	0	52	0	53	0	67	25	34	0	54
0	47	0	52	0	47	0	60	0	53	0	58	5	35	0	50	0	48	0	55
25	24	23	29	28	22	26	19	29	24	23	26	0	41	24	16	0	32	17	28
0	47	0	42	0	67	0	71	31	27	29	23	0	44	28	25	0	43	0	46
0	53	0	47	0	51	0	50	19	18	27	36	0	41	0	59	0	53	0	48
34	30	27	30	20	25	24	21	0	50	0	41	0	48	0	52	0	49	19	20
0	54	0	45	0	41	0	56	0	54	0	58	0	62	0	45	23	36	0	41
0	44	0	44	0	45	0	56	0	53	0	57	0	57	33	24	0	56	0	44
0	48	0	53	0	61	0	49	0	47	0	46	0	49	0	45	24	37	0	49
0	52	0	52	0	52	24	32	0	50	0	46	0	46	0	52	0	39	0	62
0	55	0	63	27	21	0	47	0	57	0	47	0	38	0	52	0	40	0	44
0	51	0	66	31	36	0	64	0	53	0	56	0	49	0	47	0	50	0	41
0	49	0	49	0	60	0	55	0	47	0	54	0	49	0	63	14	26	0	51
0	51	0	53	0	46	0	34	0	50	30	27	0	57	0	41	0	54	0	47
0	47	0	51	0	52	0	56	31	20	0	54	0	46	0	53	0	52	0	54
0	48	0	52	0	55	18	23	0	52	0	46	0	44	0	41	0	47	0	40
0	36	0	53	16	21	0	45	0	43	0	47	0	45	0	49	0	49	0	56
0	54	0	34	0	59	0	42	0	52	0	50	0	47	0	52	33	15	0	47
25	24	21	23	0	50	0	46	0	54	0	47	0	55	0	42	0	36	0	45
0	49	0	45	0	53	0	52	27	23	0	48	0	44	0	45	0	50	0	38
0	55	0	43	0	35	0	65	0	59	0	59	0	52	0	58	30	22	0	43
0	43	0	39	0	41	0	68	0	48	0	59	0	47	0	62	29	26	0	47
23	30	17	25	0	53	0	45	0	56	0	53	0	43	0	48	0	54	0	47
0	45	0	47	21	31	0	50	0	55	0	51	0	53	0	37	0	47	0	56
7	38	21	21	0	47	0	61	0	39	0	61	0	58	0	45	0	44	0	57
0	47	0	46	0	55	0	62	0	55	0	48	0	54	0	55	0	57	17	25
0	62	0	34	0	60	0	54	0	46	0	50	0	49	0	52	17	38	0	58
0	59	0	55	0	47	0	51	22	20	0	42	0	43	0	43	0	47	0	30
0	43	0	36	0	46	0	48	0	41	31	17	0	56	0	55	0	58	0	43
0	57	0	40	0	49	0	48	0	48	0	50	0	62	0	57	0	47	19	20
0	49	0	53	0	53	0	45	0	46	0	57	0	52	0	46	7	48	0	42
0	47	0	39	13	26	0	62	0	41	0	56	0	57	0	48	0	62	0	57
0	53	0	54	0	41	0	44	0	58	8	29	0	60	0	47	0	63	0	49
0	57	0	56	0	39	10	45	0	32	0	52	0	37	0	52	0	48	0	55
0	52	0	61	10	34	0	65	0	61	0	48	0	49	0	55	0	62	0	45
0	50	0	40	0	45	3	47	0	55	0	44	0	68	0	54	0	51	0	47
0	48	0	38	0	56	11	46	0	55	0	57	0	47	0	60	0	48	0	57
0	39	0	51	0	51	0	50	0	49	4	45	0	54	0	51	0	51	0	39
0	56	0	51	0	50	0	47	17	31	0	35	0	50	0	59	0	53	0	49
0	48	0	55	0	53	0	44	12	41	0	57	0	47	0	58	0	43	0	47
