PSec1:alt	PSec1:ref	PSec2:alt	PSec2:ref	M5:alt	M5:ref	M4:alt	M4:ref	M7:alt	M7:ref	M6:alt	M6:ref	M1:alt	M1:ref	M3:alt	M3:ref	M2:alt	M2:ref
21	22	35	31	18	26	25	33	26	21	34	27	29	20	19	25	26	22
33	27	25	22	24	16	24	19	27	19	27	30	21	24	22	16	36	18
0	55	0	57	0	47	0	44	0	67	0	51	23	28	0	63	0	46
0	43	0	47	0	49	0	38	0	36	0	56	27	16	0	49	0	50
0	44	0	62	0	46	0	55	0	54	28	21	0	50	0	62	0	59
0	48	0	37	0	37	0	65	0	54	0	38	0	52	40	36	0	47
0	55	0	54	0	55	0	39	0	52	0	45	0	39	31	30	0	59
21	22	16	25	30	32	25	21	20	17	0	47	0	59	0	44	0	46
0	46	0	50	0	63	0	55	0	30	0	44	26	21	0	50	0	48
0	59	0	46	0	49	0	49	0	47	0	54	24	27	0	47	0	49
0	56	0	54	0	63	0	45	0	42	0	41	0	51	34	30	0	62
0	56	0	50	0	58	0	53	0	56	20	27	0	52	0	51	0	60
0	53	0	39	0	51	0	53	0	45	0	39	21	29	0	50	0	47
0	41	0	51	0	63	0	54	0	47	30	18	0	55	0	56	0	60
0	39	0	35	0	57	0	57	0	54	0	46	0	45	0	52	24	35
0	44	0	61	0	49	0	32	0	45	0	47	34	20	0	51	0	56
0	61	0	53	0	47	0	65	0	48	0	57	0	47	0	41	23	23
21	25	21	27	31	25	19	26	18	21	0	48	0	42	0	38	0	49
23	23	19	31	30	27	21	21	22	30	0	47	0	54	0	53	0	52
0	63	0	58	0	55	0	57	0	63	0	45	0	47	26	25	0	53
0	46	0	45	0	55	0	46	0	41	32	31	0	62	0	44	0	42
23	29	20	32	33	31	32	32	17	19	0	51	0	46	0	50	0	65
5	43	21	36	0	60	19	26	30	25	0	52	0	57	0	38	0	53
20	32	0	52	0	49	0	52	0	53	0	53	0	33	0	59	0	39
0	55	0	59	0	37	0	55	0	54	0	48	0	48	0	50	21	25
0	52	0	54	0	60	20	32	29	24	0	50	0	48	0	41	0	47
0	47	0	49	15	15	0	63	0	49	0	51	0	66	0	64	0	41
0	52	0	46	0	63	0	52	0	58	0	42	0	45	0	55	28	28
0	51	0	40	0	60	25	19	0	46	0	58	0	53	0	63	0	54
0	47	0	48	0	44	0	56	0	48	0	49	0	53	0	53	5	39
0	52	0	55	0	46	0	52	0	54	0	50	0	45	0	58	17	30
0	56	0	46	0	45	0	45	0	46	0	47	0	46	0	56	8	46
0	40	0	52	0	54	22	22	0	42	0	48	0	48	0	42	0	52
0	57	0	50	0	36	0	55	35	26	0	39	0	45	0	54	0	43
0	44	0	45	0	54	0	60	0	37	29	28	0	54	0	58	0	47
0	55	0	57	21	24	0	50	0	58	0	59	0	41	0	52	0	49
0	47	0	56	0	59	0	48	0	45	0	56	0	46	26	17	0	61
0	57	0	62	0	57	35	25	0	43	0	24	0	42	0	64	0	47
0	39	0	40	0	54	0	46	0	59	0	56	0	52	0	50	1	47
0	43	0	49	0	46	0	42	0	55	32	19	0	54	0	47	0	47
0	42	0	49	0	50	0	45	0	52	0	46	0	53	16	33	0	51
0	58	0	40	0	42	22	26	0	43	0	46	0	63	0	48	0	51
0	60	0	49	0	48	0	45	28	25	0	50	0	56	0	54	0	54
0	54	0	39	0	54	4	47	0	45	0	51	0	42	0	57	0	44
0	68	0	47	0	51	4	36	0	42	0	48	0	57	0	44	0	48
0	47	0	51	0	66	0	55	31	19	0	48	0	52	0	62	0	43
0	48	0	45	0	63	0	65	0	49	8	39	0	51	0	54	0	56
0	46	0	48	0	51	0	52	0	52	5	43	0	58	0	54	0	54
0	59	0	53	0	43	0	51	0	40	24	32	0	50	0	51	0	48
0	50	0	56	0	54	0	75	14	26	0	55	0	36	0	49	0	44
0	43	0	36	0	35	0	41	0	55	19	37	0	59	0	47	0	45
0	64	0	56	0	53	0	56	2	44	0	45	0	53	0	56	0	48
