PSec1:alt	PSec1:ref	PSec2:alt	PSec2:ref	M5:alt	M5:ref	M4:alt	M4:ref	M7:alt	M7:ref	M6:alt	M6:ref	M1:alt	M1:ref	M3:alt	M3:ref	M2:alt	M2:ref	M8:alt	M8:ref
24	26	28	23	31	18	29	18	34	14	29	29	26	32	23	33	25	30	34	30
0	43	7	39	0	54	0	58	0	44	10	25	0	42	0	60	0	41	0	50
0	57	0	44	0	51	0	47	0	58	0	55	0	60	20	28	0	44	0	56
0	42	0	42	0	69	0	52	0	37	28	32	0	46	0	54	0	64	0	67
0	58	0	37	0	46	0	49	0	53	0	51	0	56	0	48	0	50	24	20
0	47	0	33	0	44	0	41	0	54	0	45	0	50	0	46	0	43	30	26
0	53	0	36	0	49	0	47	0	65	18	27	0	51	0	48	0	49	0	49
0	47	0	45	0	44	0	41	0	50	27	33	0	39	0	40	0	54	0	55
0	50	0	48	0	43	19	34	0	46	0	61	0	59	0	50	25	28	0	59
0	52	0	47	0	50	23	22	0	47	0	54	0	57	0	47	30	31	0	46
0	55	0	56	0	49	0	45	0	49	23	33	0	45	0	55	0	41	0	51
0	61	0	50	0	56	0	53	0	43	0	54	0	61	0	50	0	44	22	19
0	62	0	46	0	47	0	43	0	43	21	29	0	55	0	54	0	44	0	41
0	50	0	57	0	53	28	30	0	39	0	61	0	53	0	53	25	32	0	58
0	50	0	51	0	58	0	42	0	51	0	58	4	54	0	41	0	39	0	41
0	57	0	52	0	41	0	45	0	44	0	52	3	40	0	36	0	48	0	59
0	48	0	54	0	56	0	37	0	42	0	41	0	51	0	54	9	32	0	59
0	60	0	43	0	60	0	43	0	47	0	54	0	56	0	46	7	41	0	40
0	63	0	50	0	55	0	51	0	47	0	55	0	53	27	24	0	60	0	41
0	39	0	42	0	40	38	18	0	45	0	49	0	48	0	60	0	52	0	61
0	49	0	49	0	46	0	41	22	26	0	48	0	50	0	59	0	46	0	43
0	46	0	60	35	32	0	46	0	51	0	55	0	47	0	42	0	53	0	64
0	55	0	62	0	53	0	55	0	53	0	48	0	42	0	55	0	56	22	23
0	49	0	55	0	39	0	51	24	30	0	49	0	53	0	55	0	50	0	36
0	55	0	63	20	19	0	51	0	49	0	54	0	63	0	40	0	48	0	57
0	49	0	44	0	44	0	56	0	52	18	39	0	60	0	51	0	69	0	57
0	42	0	47	11	30	0	43	0	54	0	54	0	43	0	60	0	57	0	54
0	39	0	65	0	46	0	68	18	22	0	56	0	56	0	46	0	57	0	43
0	53	0	59	0	50	0	56	0	49	4	44	0	56	0	40	0	56	0	51
0	54	0	50	0	57	0	46	7	29	0	42	0	48	0	51	0	42	0	48
0	61	0	49	7	34	0	48	0	59	0	45	0	48	0	49	0	44	0	52
0	48	0	49	0	36	0	59	14	34	0	60	0	56	0	41	0	50	0	49
