PSec1:alt	PSec1:ref	PSec2:alt	PSec2:ref	M5:alt	M5:ref	M4:alt	M4:ref	M7:alt	M7:ref	M6:alt	M6:ref	M1:alt	M1:ref	M3:alt	M3:ref	M2:alt	M2:ref
10	15	27	18	24	31	24	21	24	33	16	23	34	24	25	32	13	25
27	18	16	31	0	28	0	42	0	64	0	54	0	41	0	38	0	46
0	58	0	56	0	49	0	55	0	65	17	24	0	53	0	48	0	60
0	42	4	57	0	50	0	63	0	63	0	52	0	61	0	45	0	43
6	50	0	45	0	49	0	54	0	60	0	44	0	50	0	47	0	51
0	67	0	42	0	50	0	48	0	58	22	22	0	46	0	57	0	51
0	55	0	48	30	28	27	20	22	27	0	48	23	26	24	17	33	22
0	65	0	63	0	53	0	49	0	49	22	24	0	44	0	46	0	40
0	53	0	53	22	18	23	25	22	21	0	53	26	23	0	42	0	49
0	43	0	57	28	32	32	33	26	28	0	34	24	31	0	55	0	46
0	41	0	49	0	66	0	55	0	46	20	33	0	53	0	47	0	33
0	48	0	47	0	46	0	51	0	55	0	61	0	61	30	14	19	24
0	54	0	41	0	68	0	52	0	47	26	15	0	49	0	44	0	41
0	57	0	54	0	61	0	49	0	55	0	48	0	47	24	25	27	25
0	54	0	47	0	46	0	53	0	62	29	16	0	48	0	53	0	38
0	60	0	48	0	49	0	46	0	44	0	54	0	58	27	25	27	18
0	55	0	47	0	49	0	56	0	53	0	43	0	58	0	39	7	42
0	65	0	45	0	43	0	34	0	48	16	23	0	49	0	54	0	41
0	46	0	43	0	45	0	47	0	42	0	42	0	50	0	61	2	54
0	54	0	48	0	47	0	51	0	63	0	58	0	55	0	48	10	39
0	46	0	54	0	57	0	51	0	47	0	50	0	48	26	20	0	41
0	52	0	41	24	17	26	28	28	26	0	65	16	21	0	55	0	55
0	38	0	68	22	23	34	29	36	25	0	49	16	21	0	47	0	55
0	45	0	60	26	31	22	24	34	22	0	59	19	29	0	51	0	40
0	54	0	50	21	28	23	26	22	24	0	54	16	29	0	58	0	51
0	35	0	48	0	48	0	44	0	60	0	47	0	53	22	33	0	50
0	51	0	61	0	48	0	44	0	49	28	25	0	55	0	45	0	39
0	65	0	39	0	46	0	50	0	61	33	31	0	51	0	45	0	49
0	51	0	44	27	21	20	22	27	25	0	31	21	40	0	59	0	47
0	54	0	49	0	45	0	56	0	48	26	29	0	49	0	50	0	63
0	56	0	43	0	44	0	60	0	63	0	44	0	54	4	52	0	54
0	38	0	56	0	46	0	61	0	55	20	23	0	56	0	54	0	46
0	45	0	56	0	54	0	52	22	29	0	43	0	51	0	56	0	54
0	55	0	45	18	22	0	40	0	57	0	38	0	35	0	55	0	61
0	44	0	47	0	54	30	26	0	43	0	48	0	39	0	52	0	59
0	53	0	49	0	46	0	53	0	49	19	29	0	49	0	50	0	59
0	57	0	51	0	57	0	58	0	51	35	27	0	45	0	48	0	54
0	44	0	57	0	53	0	55	0	46	30	29	0	48	0	48	0	48
0	44	0	50	12	44	0	61	0	52	0	46	0	45	0	45	0	50
0	46	0	47	0	46	0	52	0	45	31	38	0	48	0	55	0	41
0	44	0	54	0	53	0	47	0	48	23	11	0	43	0	55	0	59
0	58	0	42	0	40	0	57	30	19	0	53	0	54	0	48	0	46
0	73	0	51	0	40	0	49	0	56	2	47	0	45	0	38	0	67
