PSec1:alt	PSec1:ref	PSec2:alt	PSec2:ref	M5:alt	M5:ref	M4:alt	M4:ref	M7:alt	M7:ref	M6:alt	M6:ref	M1:alt	M1:ref	M3:alt	M3:ref	M2:alt	M2:ref	M8:alt	M8:ref
31	29	30	27	41	26	24	24	21	24	19	31	15	31	31	21	31	26	16	23
14	24	13	40	33	25	21	29	38	12	31	24	25	38	25	27	22	29	25	28
9	35	27	28	27	20	24	19	30	30	33	18	21	25	21	30	31	27	29	32
15	35	11	35	14	29	31	32	25	23	32	27	23	23	26	31	25	23	23	34
8	42	26	34	21	24	26	30	27	31	17	20	21	24	28	31	24	25	38	28
15	32	12	37	24	27	18	23	25	26	23	23	17	21	34	27	19	24	29	27
24	43	13	46	26	24	23	27	35	30	21	28	17	19	22	25	17	27	26	26
0	58	0	58	0	61	26	24	0	52	0	53	0	40	0	56	0	48	0	56
0	51	0	55	0	45	0	73	0	46	21	26	0	50	0	61	18	24	0	43
0	48	0	39	0	42	0	43	0	38	0	41	0	57	28	33	0	55	0	45
0	52	0	46	0	58	0	53	28	24	0	55	0	59	0	60	0	47	0	50
0	51	0	58	0	60	0	50	0	50	14	32	0	45	0	50	13	32	0	47
0	39	0	52	0	44	0	58	0	37	0	56	0	57	0	43	0	54	25	24
0	43	0	54	0	55	0	48	0	49	22	23	0	41	0	60	0	50	0	40
0	50	0	62	16	17	0	50	0	47	0	55	0	55	0	51	0	48	0	42
0	58	0	38	0	53	21	24	0	56	0	37	0	52	0	46	0	50	0	50
0	46	0	50	0	51	0	51	0	54	0	52	0	50	26	29	0	56	0	52
0	48	0	57	0	41	0	47	0	60	0	42	0	47	0	51	0	48	26	27
0	41	0	43	0	48	0	41	0	51	0	57	0	46	22	28	0	34	0	44
0	39	0	48	0	51	0	44	0	46	0	54	0	53	0	69	0	43	22	24
0	54	0	41	0	62	0	53	0	49	0	37	0	48	0	70	0	49	26	23
0	62	0	59	0	42	0	56	0	58	0	59	0	49	0	57	0	51	24	15
0	40	0	56	0	53	0	48	0	40	31	34	0	54	0	55	0	55	0	49
0	51	0	41	0	56	0	54	0	47	0	54	0	52	0	39	16	34	0	45
0	52	0	58	0	51	0	56	0	46	0	53	0	54	0	50	6	47	0	60
0	52	0	48	0	49	0	49	9	37	0	54	0	55	0	42	0	54	0	56
0	49	0	40	0	51	0	41	0	53	0	48	0	48	0	51	0	49	13	42
