PSec1:alt	PSec1:ref	PSec2:alt	PSec2:ref	M5:alt	M5:ref	M4:alt	M4:ref	M7:alt	M7:ref	M6:alt	M6:ref	M1:alt	M1:ref	M3:alt	M3:ref	M2:alt	M2:ref
27	21	30	24	22	29	23	19	27	23	25	20	28	26	26	37	33	23
8	33	19	31	22	25	22	25	25	23	18	22	0	53	0	56	0	55
0	56	0	44	0	55	0	65	0	49	0	34	0	44	17	27	0	40
8	40	8	38	0	52	0	30	0	38	0	51	0	42	0	64	0	49
0	49	0	42	0	56	0	52	0	45	0	48	0	51	25	32	0	55
0	63	0	41	0	50	0	47	0	52	0	36	0	49	0	43	24	30
10	54	13	32	24	17	22	23	22	27	28	24	0	45	0	51	0	41
0	47	0	43	0	51	0	52	0	58	0	54	0	55	20	40	0	56
0	56	0	49	0	63	0	49	0	50	0	50	19	28	0	52	0	51
0	50	0	52	0	40	0	57	0	50	0	51	0	55	0	55	22	29
9	40	11	34	25	25	18	29	26	19	25	26	0	49	0	47	0	57
0	45	0	57	0	60	0	45	0	47	0	50	0	55	23	17	0	58
14	43	15	31	24	19	25	30	23	34	33	27	0	41	0	51	0	45
0	44	0	54	0	47	0	47	0	50	0	45	0	50	16	23	0	47
0	60	0	52	0	59	0	41	0	35	0	47	0	42	25	26	0	53
15	35	5	44	0	40	0	41	0	65	0	47	0	42	0	53	0	50
13	38	16	34	29	21	21	24	19	25	23	17	0	50	0	45	0	58
0	53	0	43	0	44	0	58	0	47	0	41	0	53	20	23	0	49
9	44	21	43	23	23	29	35	24	30	24	27	0	66	0	44	0	49
0	55	0	58	0	54	0	42	0	43	0	51	22	22	0	52	0	45
0	54	0	59	0	54	0	43	0	51	0	41	0	62	0	62	33	20
8	37	0	42	16	19	0	56	24	14	0	52	0	45	0	56	0	52
0	60	0	53	0	46	0	35	0	48	0	50	0	49	0	44	20	19
0	45	0	41	0	42	0	46	0	45	0	57	14	22	0	56	0	39
0	57	0	57	0	51	24	25	0	48	0	39	0	65	0	47	0	53
0	53	0	52	0	44	0	48	0	59	0	45	0	55	31	31	0	50
0	46	0	42	0	55	0	34	22	20	0	39	0	62	0	62	0	59
0	40	0	53	0	40	0	46	0	42	0	42	0	34	26	27	0	52
0	41	0	51	0	54	0	61	30	30	0	63	0	69	0	47	0	51
0	49	0	51	0	59	0	48	0	54	26	18	0	49	0	48	0	55
0	42	0	52	28	24	0	46	0	50	0	56	0	55	0	53	0	59
0	59	0	53	0	49	0	43	0	61	30	24	0	50	0	47	0	47
0	50	0	44	0	44	0	66	0	55	0	54	0	46	0	44	7	46
0	44	0	56	0	56	0	56	0	54	0	62	0	49	16	35	0	49
0	42	0	46	0	48	0	52	0	42	0	45	0	61	15	29	0	50
0	53	0	53	0	50	0	46	0	55	26	21	0	55	0	52	0	60
0	42	0	60	0	43	27	38	0	40	0	62	0	45	0	69	0	57
8	46	4	50	0	55	0	56	0	39	0	50	0	52	0	41	0	56
0	67	0	43	0	50	0	54	0	58	28	25	0	41	0	52	0	47
0	52	0	39	0	47	4	47	0	48	0	41	0	62	0	51	0	65
0	63	0	43	0	64	0	40	0	44	21	26	0	47	0	45	0	55
0	53	0	42	0	56	0	59	25	36	0	51	0	56	0	37	0	57
0	44	0	60	12	38	0	51	0	48	0	50	0	50	0	55	0	54
0	51	0	49	0	40	0	41	27	27	0	43	0	61	0	59	0	54
0	61	0	52	0	45	0	55	0	42	0	46	0	48	0	56	5	40
0	42	0	46	0	55	0	51	0	52	8	46	0	53	0	46	0	56
0	49	0	46	0	59	0	56	0	56	0	41	0	46	0	43	4	49
0	48	0	48	0	54	0	67	0	47	2	59	0	61	0	45	0	45
0	57	0	58	0	60	0	42	6	42	0	39	0	53	0	59	0	48
0	53	0	46	0	40	0	44	4	42	0	55	0	48	0	44	0	54
