PSec1:alt	PSec1:ref	PSec2:alt	PSec2:ref	M5:alt	M5:ref	M4:alt	M4:ref	M7:alt	M7:ref	M6:alt	M6:ref	M1:alt	M1:ref	M3:alt	M3:ref	M2:alt	M2:ref
30	24	24	24	23	25	23	25	23	25	34	27	22	19	24	26	29	25
22	21	7	46	0	50	0	41	0	56	0	45	0	29	0	37	0	40
0	54	9	38	0	43	27	20	28	26	0	54	0	50	0	44	31	29
0	42	14	42	0	57	27	23	34	28	0	56	0	40	0	64	21	29
7	45	0	61	0	45	0	58	0	47	0	57	0	59	0	48	0	47
0	59	0	40	27	26	0	44	0	47	32	25	18	23	21	26	0	61
0	46	0	52	0	59	18	18	31	16	0	45	0	40	0	62	16	18
0	47	0	48	21	23	0	41	0	64	18	39	22	35	20	23	0	47
0	49	0	47	0	53	32	31	25	26	0	47	0	48	0	50	28	26
0	44	0	56	29	34	0	44	0	49	22	26	22	20	33	26	0	65
0	44	0	49	0	58	24	32	19	21	0	54	0	51	0	50	18	14
0	61	0	45	38	27	0	49	0	61	23	19	19	23	19	22	0	51
0	39	0	42	0	53	31	22	25	26	0	53	0	49	0	56	36	27
0	53	0	53	28	18	0	51	0	47	24	27	24	22	23	26	0	50
0	60	0	52	17	30	0	55	0	38	23	29	21	36	25	26	0	46
0	39	0	46	0	65	29	18	28	31	0	63	0	51	0	55	32	23
0	51	0	45	35	18	0	47	0	42	21	28	16	23	23	27	0	43
0	45	0	57	0	49	16	22	27	27	0	39	0	54	0	62	30	26
0	60	0	51	24	29	0	56	0	51	7	45	0	52	0	63	0	43
0	46	0	48	28	23	0	54	0	63	0	41	0	62	0	55	0	46
0	52	0	61	0	44	0	64	0	52	14	42	0	49	0	56	0	58
0	64	0	58	0	60	0	38	0	53	0	48	0	56	32	26	0	45
0	44	0	55	0	50	28	24	20	25	0	50	0	56	0	53	30	28
0	49	0	54	0	45	24	31	20	22	0	70	0	52	0	67	33	26
0	55	0	52	0	58	0	49	0	44	0	44	0	48	25	22	0	50
0	42	0	50	24	19	0	56	0	48	0	45	0	53	0	52	0	38
0	52	0	50	0	42	0	46	0	56	18	48	0	52	0	47	0	68
0	46	0	46	26	30	0	40	0	52	0	56	0	44	0	55	0	61
0	52	0	46	0	45	0	54	0	36	18	39	0	48	0	39	0	53
0	52	0	41	0	44	0	43	0	59	16	41	0	53	0	66	0	48
0	61	0	49	0	60	27	24	27	28	0	58	0	52	0	56	26	28
0	56	0	46	0	57	0	39	0	45	15	32	0	69	0	50	0	45
0	45	0	41	0	48	0	48	0	52	17	37	0	42	0	48	0	58
0	46	0	52	0	49	0	36	0	61	20	33	0	53	0	46	0	43
0	43	0	47	0	55	0	35	0	61	0	58	0	55	27	19	0	46
0	56	0	56	0	46	0	58	0	54	10	47	0	59	0	51	0	47
0	58	0	60	0	50	0	44	0	40	10	33	0	53	0	60	0	52
0	64	0	45	23	19	0	54	0	44	0	49	0	42	0	41	0	53
0	51	0	51	0	55	22	22	0	46	0	49	0	42	0	50	0	44
0	58	0	47	0	64	0	41	26	29	0	39	0	49	0	53	0	47
0	34	0	48	0	47	0	47	0	49	14	32	0	44	0	55	0	48
0	52	0	51	26	26	0	47	0	58	0	53	0	38	0	46	0	48
0	42	0	39	0	48	22	21	0	47	0	45	0	57	0	43	0	57
0	51	0	48	27	24	0	51	0	53	0	54	0	65	0	52	0	39
0	59	0	52	0	49	0	44	0	55	8	47	0	48	0	62	0	74
0	39	0	52	0	58	0	36	0	51	14	28	0	51	0	61	0	46
0	55	0	58	26	27	0	57	0	56	0	42	0	47	0	46	0	39
0	49	0	52	0	50	0	42	0	54	0	45	0	46	21	28	0	57
0	53	0	50	0	57	0	59	0	49	10	35	0	56	0	46	0	45
0	39	0	36	0	55	0	52	0	55	3	45	0	54	0	45	0	46
0	49	0	56	0	66	0	53	27	27	0	45	0	35	0	48	0	54
0	42	0	41	0	54	12	39	0	49	0	58	0	48	0	35	0	52
0	40	0	44	0	47	0	56	0	52	15	33	0	54	0	51	0	43
0	43	0	53	0	46	0	41	23	26	0	39	0	48	0	52	0	53
0	45	0	54	5	43	0	53	0	44	0	64	0	57	0	45	0	55
0	44	0	54	0	43	0	50	0	52	12	41	0	50	0	44	0	38
0	42	0	53	0	44	0	40	30	28	0	49	0	35	0	52	0	42
0	62	0	55	0	45	0	53	0	60	14	42	0	45	0	42	0	44
0	50	0	39	0	45	0	49	0	36	0	56	0	46	25	31	0	39
0	47	0	51	3	55	0	47	0	56	0	46	0	41	0	54	0	50
0	65	0	43	11	45	0	58	0	48	0	55	0	39	0	52	0	46
0	50	0	46	0	55	0	58	0	58	12	40	0	53	0	50	0	47
0	46	0	57	5	49	0	30	0	52	0	40	0	46	0	56	0	47
0	42	0	51	0	46	0	46	0	60	0	49	0	44	27	17	0	54
0	56	0	44	0	55	0	51	0	58	0	55	0	51	24	32	0	49
0	49	0	59	0	46	0	56	25	19	0	59	0	51	0	60	0	53
0	55	0	40	0	58	0	52	0	47	4	33	0	54	0	56	0	44
0	52	0	44	0	58	0	54	0	59	13	40	0	50	0	53	0	52
0	41	0	46	0	58	0	53	0	55	0	48	0	46	6	40	0	52
0	45	0	74	0	52	0	53	3	37	0	41	0	59	0	42	0	44
