PSec1:alt	PSec1:ref	PSec2:alt	PSec2:ref	M5:alt	M5:ref	M4:alt	M4:ref	M7:alt	M7:ref	M6:alt	M6:ref	M1:alt	M1:ref	M3:alt	M3:ref	M2:alt	M2:ref
23	23	24	26	26	20	22	23	14	16	30	21	17	31	26	23	21	25
0	51	0	48	0	64	21	45	0	42	0	48	0	56	0	47	0	39
0	47	0	54	0	55	0	61	0	41	0	55	18	19	0	49	28	22
0	47	0	47	0	51	11	34	0	56	0	54	0	46	0	52	0	61
15	27	8	29	0	44	9	29	29	30	16	28	0	51	21	33	0	57
0	49	4	55	31	17	0	59	0	54	0	39	0	52	0	49	0	50
0	42	0	52	0	52	9	43	0	50	0	56	0	44	0	53	0	53
0	58	0	65	0	56	7	45	0	50	0	61	0	53	0	46	0	57
0	53	0	38	0	40	0	45	0	40	0	46	0	55	0	43	22	37
0	32	0	44	0	52	0	50	0	41	0	55	0	44	0	55	24	38
0	45	7	41	0	43	0	55	0	62	0	65	0	46	0	54	0	43
0	45	0	44	0	53	0	52	0	51	0	49	27	24	0	52	0	51
0	47	0	45	0	46	0	52	0	55	0	53	0	55	0	50	27	19
0	50	0	58	28	20	0	56	0	51	0	40	0	51	0	43	0	58
0	51	0	67	0	58	0	52	0	45	0	49	22	30	0	53	0	45
0	45	0	43	23	20	0	51	0	51	0	48	0	43	0	40	0	60
0	46	0	52	0	68	12	41	0	49	0	46	0	53	0	41	0	56
0	41	5	48	0	47	0	39	0	44	0	41	0	62	0	40	0	68
0	42	0	44	0	44	0	46	0	36	0	54	0	48	0	48	28	21
0	47	0	57	0	46	0	49	0	57	0	54	0	53	11	38	0	51
0	44	0	58	0	58	14	30	0	48	0	48	0	52	0	44	0	59
0	44	0	47	0	63	0	44	0	60	0	45	0	52	7	35	0	48
0	51	0	47	0	46	0	55	0	64	0	39	0	42	0	47	21	26
0	50	0	49	33	25	0	41	0	53	0	38	0	48	0	39	0	48
30	20	22	42	0	47	19	27	16	21	28	34	0	45	9	40	0	53
0	51	0	50	0	48	0	43	0	53	0	49	0	40	14	48	0	48
0	52	14	47	0	44	0	58	0	49	0	53	0	53	0	58	0	61
0	51	0	50	31	20	0	44	0	47	0	49	0	52	0	50	0	55
0	56	0	50	19	23	0	54	0	64	0	55	0	47	0	50	0	55
0	50	5	48	0	40	0	46	0	60	0	59	0	50	0	45	0	48
16	25	12	40	0	53	17	30	26	31	29	17	0	43	14	35	0	50
0	58	0	51	0	50	0	42	0	39	0	47	0	55	0	37	25	31
0	43	0	47	0	65	11	39	0	47	0	49	0	55	0	59	0	48
0	50	0	52	31	26	0	50	0	50	0	50	0	51	0	45	0	41
0	43	0	54	0	39	0	64	0	51	0	45	0	56	14	40	0	54
0	47	0	55	0	57	0	54	0	52	0	50	25	25	0	77	0	48
0	42	0	59	0	62	15	38	0	43	0	59	0	49	0	52	0	47
0	41	0	52	0	47	0	50	30	30	0	61	0	42	0	66	0	59
0	39	0	47	0	48	7	29	0	49	0	49	0	51	0	73	0	53
0	48	0	51	0	45	0	46	0	44	0	50	0	68	7	31	0	50
0	58	0	47	0	51	21	50	0	56	0	36	0	47	0	45	0	59
0	53	0	39	0	55	0	44	0	35	33	28	0	43	0	55	0	44
0	56	0	53	0	63	0	51	0	42	0	47	0	51	11	34	0	42
0	45	0	60	0	47	0	41	28	27	0	42	0	44	0	39	0	54
0	44	0	58	0	55	0	41	0	61	0	43	0	52	10	30	0	46
0	57	0	44	0	48	0	50	0	53	0	48	0	57	0	52	7	32
0	52	0	53	0	68	0	53	0	42	0	40	0	49	0	60	6	47
0	53	0	58	0	35	0	50	0	52	0	44	0	43	0	49	2	42
0	65	0	59	0	37	0	48	25	31	0	43	0	50	0	57	0	46
0	53	0	46	0	49	3	37	0	58	0	54	0	45	0	59	0	53
0	64	0	56	0	47	13	45	0	39	0	44	0	52	0	47	0	47
0	44	9	41	0	51	0	45	0	50	0	62	0	55	0	43	0	46
0	45	0	44	0	47	0	42	0	46	0	45	0	61	10	41	0	44
0	48	0	44	0	55	8	44	0	40	0	49	0	44	0	45	0	52
0	52	0	56	0	44	0	59	20	13	0	50	0	54	0	48	0	51
0	55	0	62	0	45	2	31	0	53	0	51	0	36	0	60	0	60
0	63	0	57	0	46	0	39	0	59	0	45	0	45	12	41	0	44
0	58	0	56	0	56	0	58	0	48	0	54	4	37	0	58	0	56
0	61	0	51	0	44	0	56	0	54	0	52	6	48	0	53	0	40
0	50	0	51	0	44	0	58	25	26	0	52	0	46	0	46	0	51
0	55	0	56	0	37	0	51	29	26	0	64	0	46	0	42	0	52
0	43	5	47	0	60	0	49	0	39	0	45	0	53	0	46	0	51
0	50	0	56	0	35	0	54	0	45	0	50	0	43	5	41	0	55
0	52	0	60	11	20	0	48	0	43	0	54	0	49	0	55	0	66
0	57	0	62	0	45	0	63	0	70	0	52	8	41	0	42	0	43
0	37	0	54	0	59	0	52	0	44	21	25	0	62	0	51	0	40
0	45	2	52	0	43	0	58	0	55	0	46	0	51	0	62	0	67
0	51	3	47	0	58	0	44	0	44	0	58	0	50	0	47	0	47
0	57	0	53	0	53	0	51	20	21	0	52	0	49	0	47	0	42
0	46	2	37	0	55	0	43	0	53	0	67	0	53	0	52	0	55
0	61	11	40	0	54	0	44	0	57	0	53	0	58	0	56	0	51
0	42	0	40	2	43	0	49	0	57	0	41	0	48	0	43	0	47
0	37	4	49	0	57	0	48	0	51	0	65	0	45	0	52	0	60
0	58	6	37	0	59	0	57	0	40	0	41	0	41	0	46	0	49
0	40	0	35	0	49	0	55	13	38	0	44	0	52	0	49	0	50
