PSec1:alt	PSec1:ref	PSec2:alt	PSec2:ref	M5:alt	M5:ref	M4:alt	M4:ref	M7:alt	M7:ref	M6:alt	M6:ref	M1:alt	M1:ref	M3:alt	M3:ref	M2:alt	M2:ref
27	17	27	22	21	24	26	30	25	22	28	28	26	19	20	28	26	22
29	24	25	33	33	27	18	23	27	23	22	21	19	25	27	22	32	27
10	31	18	34	27	16	33	28	32	22	22	20	13	37	24	24	15	23
0	41	0	46	0	49	0	57	0	58	0	44	12	52	0	43	0	48
0	45	0	38	0	67	0	53	0	60	0	53	0	48	0	44	3	44
0	54	0	58	0	48	0	55	0	47	0	67	0	47	0	42	6	36
13	28	21	34	14	32	28	31	18	29	27	25	23	26	22	29	16	32
0	53	0	53	0	44	0	57	0	61	0	50	0	45	0	36	4	46
0	56	0	50	0	63	0	49	0	52	0	57	0	36	0	45	7	49
0	51	0	39	0	37	0	59	0	43	0	47	10	34	0	58	0	43
21	43	20	38	31	20	25	28	25	24	19	31	23	32	22	25	20	28
14	35	23	32	25	27	29	33	31	22	23	28	17	38	22	32	16	25
15	36	25	36	28	19	24	28	37	16	27	31	15	29	26	31	25	29
0	44	0	37	0	49	0	51	0	50	0	48	0	45	0	43	3	43
11	43	24	33	28	22	23	27	22	25	17	22	13	31	26	28	15	37
0	51	0	60	0	52	0	52	0	52	0	51	14	36	0	49	0	61
15	45	7	45	2	52	28	23	0	41	0	54	0	58	16	25	24	32
0	55	0	47	0	39	0	45	0	47	0	39	0	41	0	44	8	50
0	44	0	38	0	51	0	47	0	57	0	64	13	49	0	41	0	44
0	52	0	52	0	50	0	51	0	55	0	46	0	46	0	47	5	39
0	52	0	48	0	44	0	58	0	49	0	56	9	35	0	43	0	50
0	54	0	54	0	40	0	36	0	55	0	43	0	54	0	33	4	54
0	47	0	61	14	32	0	42	0	65	0	53	0	42	0	42	0	58
0	55	0	53	0	53	0	51	0	50	0	57	0	63	0	61	6	40
0	52	0	48	0	50	0	65	0	43	33	23	20	41	0	63	0	60
0	38	0	62	0	47	0	43	0	49	0	45	13	42	0	45	0	45
0	43	0	48	0	52	0	51	19	36	0	53	0	50	0	47	0	58
0	47	0	65	0	58	0	52	0	44	0	52	0	35	0	52	6	42
0	52	0	40	0	51	0	53	0	57	0	60	8	56	0	60	0	45
0	53	0	51	0	50	0	57	21	14	0	35	0	49	0	59	0	45
0	49	0	46	0	42	0	40	0	54	0	67	0	57	0	49	18	31
0	51	0	54	0	42	0	43	0	48	0	55	0	59	0	53	18	34
0	56	0	51	0	46	0	44	0	58	0	44	0	46	16	21	0	33
0	48	0	58	3	39	0	46	0	48	0	33	0	51	0	46	0	45
5	44	5	51	0	48	0	63	0	61	0	42	0	60	0	62	0	43
0	39	0	54	0	42	0	49	0	55	0	60	0	52	0	47	1	30
0	41	0	55	0	55	0	59	24	34	0	49	0	54	0	59	0	60
0	49	0	55	0	55	0	51	0	49	0	55	0	49	0	38	5	40
0	40	0	58	12	30	0	58	0	48	0	42	0	43	0	50	0	60
0	56	0	60	8	44	0	50	0	44	0	54	0	36	0	53	0	56
9	32	8	43	0	39	0	57	0	37	0	36	0	54	0	40	0	62
0	57	0	54	0	49	0	33	0	39	25	29	15	28	0	44	0	38
0	42	0	45	0	51	0	51	21	22	0	43	0	45	0	43	0	43
0	58	0	51	10	34	0	53	0	50	0	39	0	54	0	55	0	40
8	39	6	37	0	57	0	54	0	50	0	54	0	55	0	50	0	61
0	48	0	44	0	54	0	46	0	52	25	21	0	51	0	55	0	38
0	63	0	47	0	43	0	57	0	59	0	45	0	55	0	53	21	33
0	55	0	44	0	47	0	41	22	27	0	46	0	37	0	44	0	48
0	48	0	46	0	54	0	51	0	54	0	49	0	46	26	30	0	39
0	53	0	57	3	38	0	46	0	55	0	49	0	67	0	54	0	34
0	39	0	46	0	47	0	47	0	61	0	61	0	48	0	57	5	32
0	48	0	52	0	49	3	41	0	46	0	60	0	50	0	48	0	47
0	54	0	55	0	36	0	48	0	45	20	18	0	62	0	39	0	45
6	38	4	46	0	44	0	36	0	47	0	37	0	45	0	55	0	50
0	52	0	55	0	44	0	53	0	51	0	40	0	56	0	49	5	37
0	60	0	38	0	48	0	61	0	48	0	51	0	42	0	44	4	49
0	38	0	55	19	33	0	39	0	57	0	55	0	39	0	48	0	51
0	51	0	37	0	47	0	43	0	43	0	51	0	49	0	50	10	33
0	59	0	59	10	56	0	40	0	48	0	50	0	56	0	35	0	44
0	49	0	56	0	52	0	36	32	23	0	53	0	50	0	58	0	53
8	43	4	52	0	53	0	55	0	55	0	39	0	54	0	53	0	52
0	47	0	44	0	48	0	54	27	33	0	41	0	48	0	53	0	53
