PSec1:alt	PSec1:ref	PSec2:alt	PSec2:ref	M5:alt	M5:ref	M4:alt	M4:ref	M7:alt	M7:ref	M6:alt	M6:ref	M1:alt	M1:ref	M3:alt	M3:ref	M2:alt	M2:ref
27	27	30	27	26	21	25	26	21	30	32	23	27	30	27	40	16	30
16	39	6	37	0	53	0	44	0	70	0	53	0	59	0	57	0	54
1	36	0	53	36	26	33	20	0	58	0	61	0	49	0	44	0	51
0	52	0	35	0	53	0	56	26	26	21	23	17	26	35	21	30	26
0	52	0	61	0	37	3	37	0	56	0	48	0	56	0	48	0	57
2	39	0	60	0	45	0	49	0	50	0	51	0	40	0	54	0	48
0	62	0	63	26	19	28	25	0	53	0	47	0	47	0	52	0	58
12	32	0	44	0	61	0	49	0	41	0	58	0	42	0	54	0	43
0	51	0	55	0	46	0	45	0	68	0	53	0	62	0	52	0	47
0	43	0	40	16	18	0	36	0	47	0	48	0	52	0	44	0	57
0	58	0	52	0	52	5	51	0	46	0	61	0	57	0	51	0	45
0	45	0	39	0	51	19	29	0	56	0	41	0	39	0	63	0	44
0	60	0	44	21	27	0	43	0	48	0	46	0	43	0	44	0	52
0	52	0	39	0	53	0	54	0	60	0	51	0	59	0	56	0	41
0	53	0	52	0	47	25	35	0	48	0	46	0	38	0	47	0	54
0	47	0	50	0	61	0	61	0	40	23	28	0	40	27	24	0	47
0	53	0	41	0	38	27	25	0	53	0	62	0	58	0	42	0	59
0	50	0	49	0	54	0	49	0	45	0	38	1	42	0	63	0	52
0	51	0	56	0	60	21	34	0	52	0	51	0	53	0	49	0	45
0	48	0	60	0	65	0	53	0	47	21	15	0	41	22	23	0	42
0	53	0	50	0	52	0	51	0	47	0	49	0	49	0	61	26	21
0	62	0	46	0	40	3	50	0	52	0	63	0	48	0	48	0	49
0	41	0	41	0	64	0	44	0	54	0	62	0	60	0	46	33	27
0	46	0	61	0	47	27	31	0	43	0	49	0	46	0	44	0	45
0	40	0	48	0	60	0	53	0	49	0	70	0	53	0	60	32	24
0	45	0	48	0	50	15	24	0	60	0	42	0	49	0	59	0	44
0	50	0	61	0	51	7	46	0	42	0	42	0	44	0	48	0	52
0	42	0	50	22	25	0	40	0	58	0	36	0	57	0	56	0	48
0	54	0	45	0	58	0	51	0	53	0	58	0	55	0	51	3	66
0	50	0	54	0	51	13	33	0	50	0	52	0	59	0	52	0	53
0	39	0	52	0	49	0	51	0	59	0	49	0	66	0	48	1	53
0	52	0	39	0	46	2	55	0	55	0	59	0	37	0	49	0	59
0	62	0	35	0	41	7	62	0	41	0	48	0	37	0	44	0	49
0	45	0	45	0	55	14	34	0	58	0	34	0	50	0	55	0	49
0	42	0	54	0	43	0	57	24	20	0	60	0	49	0	48	0	47
0	51	0	49	0	38	0	52	28	24	0	54	0	41	0	50	0	52
0	56	0	48	0	58	0	48	0	44	0	44	0	58	19	44	0	44
0	55	0	52	27	26	0	45	0	73	0	42	0	35	0	55	0	47
0	42	0	33	0	53	0	54	0	57	0	44	0	46	3	51	0	54
0	41	0	49	0	46	25	26	0	50	0	55	0	53	0	45	0	52
0	54	0	49	0	52	4	44	0	57	0	41	0	48	0	51	0	51
0	49	0	54	0	52	0	67	0	58	32	31	0	38	0	48	0	37
0	40	0	54	0	44	0	54	0	53	26	23	0	46	0	49	0	64
0	59	0	53	18	23	0	60	0	56	0	45	0	64	0	53	0	54
0	55	0	47	0	43	0	46	0	46	23	25	0	43	0	50	0	55
0	50	0	58	0	51	0	41	27	32	0	61	0	55	0	49	0	58
0	57	0	67	0	54	0	48	0	64	24	16	0	49	0	47	0	54
0	50	0	65	0	49	0	62	19	23	0	36	0	49	0	44	0	73
0	49	0	59	0	57	0	45	20	30	0	55	0	44	0	41	0	61
0	46	0	50	0	62	0	52	0	41	30	21	0	48	0	34	0	48
