PSec1:alt	PSec1:ref	PSec2:alt	PSec2:ref	M5:alt	M5:ref	M4:alt	M4:ref	M7:alt	M7:ref	M6:alt	M6:ref	M1:alt	M1:ref	M3:alt	M3:ref	M2:alt	M2:ref
17	27	30	22	29	37	32	18	28	19	22	25	16	19	27	27	25	32
33	23	25	35	32	21	26	26	27	36	28	22	28	17	25	27	24	19
0	52	6	39	0	51	32	23	0	43	0	54	0	55	0	47	0	58
0	55	9	37	0	49	11	26	0	58	0	60	0	54	0	40	0	41
5	51	0	51	0	52	0	66	0	45	22	14	0	47	0	51	25	26
0	48	0	42	0	61	0	49	34	17	0	49	0	45	0	66	0	46
4	66	0	65	0	46	0	45	0	48	0	63	0	55	0	53	0	44
0	56	0	45	0	52	0	46	29	20	0	50	0	50	0	54	0	36
0	63	0	38	0	62	0	48	0	53	18	25	0	35	0	42	22	24
0	44	0	49	0	61	16	29	0	45	0	49	0	36	0	45	0	42
0	55	0	30	0	62	0	53	0	57	0	47	0	46	0	49	4	41
0	52	0	56	0	43	12	18	0	43	0	47	0	51	0	51	0	67
0	49	0	45	0	54	16	36	0	56	0	40	0	58	0	46	0	57
0	50	0	50	0	37	21	38	0	55	0	67	0	65	0	43	0	55
0	63	0	63	0	30	0	60	0	44	0	49	0	50	0	59	3	39
0	50	0	40	18	23	0	45	0	57	0	53	29	21	0	45	0	38
0	48	0	61	24	30	0	43	0	44	0	45	28	23	0	45	0	43
0	43	0	48	25	26	0	61	0	49	0	48	19	28	0	49	0	46
0	45	0	62	0	42	0	43	28	24	0	46	0	66	0	52	0	38
0	40	0	41	0	47	0	47	0	54	0	51	0	50	23	25	0	50
0	51	0	56	0	50	0	49	26	25	0	51	0	42	0	53	0	37
0	54	0	45	0	41	27	36	0	42	0	45	0	50	0	56	0	52
0	51	0	44	0	47	0	39	25	32	0	53	0	53	0	40	0	65
0	53	0	55	0	36	0	55	25	22	0	57	0	43	0	46	0	56
0	46	0	58	0	52	0	37	0	58	0	44	0	39	0	53	7	49
0	53	0	52	24	21	0	48	0	44	0	48	21	28	0	50	0	53
0	44	0	61	27	23	0	51	0	44	0	58	17	30	0	40	0	49
0	58	0	65	0	56	0	51	19	24	0	47	0	45	0	51	0	40
0	51	0	59	0	56	7	45	0	54	0	43	0	50	0	68	0	46
0	34	0	49	23	22	0	52	0	40	0	42	1	53	0	47	0	54
0	56	0	42	0	45	5	45	0	55	0	58	0	44	0	45	0	44
0	47	0	50	0	61	0	55	0	64	0	50	7	42	0	59	0	58
0	49	0	41	0	46	0	57	0	39	0	50	12	31	0	54	0	47
0	63	0	43	0	46	8	39	0	39	0	47	0	45	0	49	0	55
0	58	0	56	25	31	0	56	0	62	0	49	0	57	0	53	0	45
0	57	0	51	0	41	0	41	0	49	0	57	0	59	0	53	18	35
0	45	0	46	0	62	0	47	28	37	0	65	0	60	0	55	0	42
0	52	0	46	0	55	0	49	0	62	0	48	11	50	0	61	0	56
0	50	0	50	0	57	0	52	0	45	0	57	0	58	0	55	21	32
0	49	0	41	0	57	0	46	0	48	0	53	0	59	17	21	0	45
0	45	0	39	0	55	3	48	0	39	0	46	0	52	0	47	0	61
0	43	0	50	0	60	0	44	0	56	0	39	13	35	0	46	0	43
0	55	0	45	0	45	0	45	0	53	0	51	0	47	23	20	0	45
0	45	0	51	0	47	0	52	25	26	0	45	0	49	0	56	0	47
0	41	0	44	0	45	0	52	0	57	0	42	0	51	17	36	0	50
0	38	0	46	0	56	0	34	0	42	22	24	0	36	0	50	0	45
0	53	0	56	0	46	0	45	0	61	0	43	0	58	13	39	0	50
0	47	0	49	0	49	21	32	0	54	0	62	0	53	0	47	0	65
0	44	0	55	0	48	10	51	0	59	0	39	0	45	0	47	0	53
0	52	0	41	0	55	0	54	0	60	0	73	4	42	0	45	0	51
0	56	0	42	0	49	0	34	0	31	33	22	0	60	0	55	0	56
0	60	0	49	0	57	0	45	0	69	0	58	0	41	0	57	12	26
0	37	0	45	0	55	0	50	22	24	0	47	0	42	0	50	0	57
0	44	0	52	0	59	0	45	25	20	0	54	0	57	0	46	0	44
0	47	0	49	0	50	0	50	0	48	0	45	8	46	0	44	0	42
0	59	0	45	0	38	0	63	0	57	20	17	0	49	0	47	0	44
0	59	0	55	0	48	0	37	0	50	28	22	0	32	0	42	0	47
0	47	0	48	0	52	0	53	0	46	0	52	7	42	0	46	0	50
0	44	0	58	0	42	0	46	0	49	0	41	4	47	0	49	0	54
0	49	0	41	0	41	0	63	0	50	0	47	0	55	0	45	24	30
0	57	0	41	17	34	0	43	0	52	0	47	0	64	0	68	0	43
0	42	0	46	0	56	0	64	0	42	0	60	0	44	0	58	19	41
0	54	0	60	4	49	0	50	0	55	0	49	0	49	0	57	0	66
0	44	0	49	0	48	0	55	31	19	0	54	0	52	0	44	0	56
0	43	0	62	0	54	0	39	0	46	7	35	0	54	0	51	0	39
0	45	0	59	0	59	0	51	20	31	0	60	0	49	0	57	0	47
0	46	0	37	0	48	0	52	4	48	0	53	0	39	0	50	0	48
