PSec1:alt	PSec1:ref	PSec2:alt	PSec2:ref	M5:alt	M5:ref	M4:alt	M4:ref	M7:alt	M7:ref	M6:alt	M6:ref	M1:alt	M1:ref	M3:alt	M3:ref	M2:alt	M2:ref
21	39	23	32	35	32	22	23	33	22	24	21	25	26	19	29	26	14
19	23	19	22	0	60	0	61	29	28	0	50	0	50	0	47	0	40
12	31	32	36	0	51	0	42	24	35	0	56	0	46	0	39	0	51
0	50	0	46	5	41	32	25	0	64	0	56	26	29	20	23	0	54
0	52	0	45	8	26	0	45	0	42	0	46	0	51	0	55	0	47
0	55	0	41	23	36	0	53	0	53	0	51	0	54	0	39	0	59
14	35	23	23	0	57	0	51	26	23	0	43	0	43	0	45	0	44
23	26	19	30	0	49	0	64	29	28	0	46	0	41	0	58	0	50
0	49	0	46	0	59	0	45	0	42	0	43	29	32	28	34	0	70
0	52	0	63	21	27	0	43	0	51	0	41	0	40	0	51	0	57
0	56	0	63	8	40	0	44	0	49	0	48	0	46	0	52	0	57
0	44	0	46	15	36	0	50	0	58	0	44	0	56	0	62	0	46
0	67	0	45	10	51	0	50	0	49	0	56	0	55	0	42	0	53
29	34	22	17	0	44	0	49	25	27	0	48	0	43	0	49	0	59
0	63	0	54	0	45	0	59	0	55	0	54	19	29	31	30	0	62
0	42	0	44	0	43	0	45	0	52	0	54	5	52	0	53	0	53
0	58	0	53	22	24	0	46	0	47	0	54	0	51	0	44	0	41
0	51	0	49	0	54	0	40	0	39	0	55	0	57	18	25	0	45
0	51	0	55	14	48	0	54	0	63	0	47	0	53	0	52	0	46
0	60	0	50	21	34	0	52	0	47	0	52	0	55	0	42	0	64
0	49	0	58	9	32	0	49	0	47	0	59	0	59	0	53	0	44
0	52	0	43	0	51	0	54	0	52	23	32	0	54	0	50	26	26
0	51	0	46	0	42	0	54	0	42	0	47	0	52	0	39	5	53
0	52	0	70	24	39	0	64	0	49	0	58	0	65	0	48	0	47
0	60	0	42	9	39	0	52	0	56	0	52	0	61	0	55	0	37
0	57	0	59	0	59	0	38	0	54	18	19	0	58	0	44	0	57
0	60	0	41	0	46	0	64	0	51	0	50	0	50	22	29	0	53
0	54	0	41	7	44	0	51	0	49	0	53	0	43	0	51	0	52
0	58	0	55	0	46	0	42	0	54	0	45	0	47	20	25	0	58
0	49	0	49	5	45	0	51	0	37	0	56	0	40	0	58	0	31
22	26	21	21	0	49	0	48	20	20	0	58	0	51	0	54	0	47
0	48	0	48	0	43	0	51	0	49	24	17	0	52	0	54	0	61
0	43	0	62	0	54	0	54	0	44	0	53	0	62	34	35	0	58
0	30	0	42	17	28	0	61	0	44	0	55	0	46	0	55	0	43
0	50	0	44	0	47	23	15	0	43	0	42	0	51	0	45	0	53
0	59	0	42	6	37	0	38	0	46	0	49	0	43	0	55	0	48
0	41	0	44	0	41	0	40	0	57	29	25	0	45	0	58	0	58
20	34	23	24	0	58	0	50	24	26	0	56	0	65	0	44	0	61
0	54	0	49	8	48	0	55	0	56	0	57	0	53	0	64	0	46
0	44	0	56	0	37	33	23	0	59	0	50	0	48	0	51	0	60
0	67	0	47	15	36	0	57	0	52	0	34	0	55	0	51	0	50
15	31	27	22	0	65	0	52	31	25	0	54	0	49	0	46	0	54
0	59	0	54	10	48	0	55	0	52	0	49	0	42	0	52	0	53
0	50	0	48	10	49	0	58	0	52	0	56	0	57	0	50	0	43
0	43	0	54	12	30	0	54	0	49	0	51	0	42	0	47	0	45
18	30	27	25	0	46	0	50	20	22	0	47	0	58	0	36	0	37
25	31	25	22	0	43	0	50	22	23	0	56	0	59	0	37	0	58
0	38	0	71	11	39	0	37	0	47	0	54	0	59	0	60	0	47
0	58	0	60	9	35	0	53	0	57	0	38	0	48	0	48	0	46
0	55	0	61	0	40	24	27	0	48	0	45	0	62	0	42	0	66
0	52	0	62	15	34	0	59	0	38	0	50	0	52	0	56	0	45
0	48	0	67	0	41	19	22	0	55	0	48	0	54	0	57	0	35
0	55	0	43	9	31	0	43	0	53	0	51	0	43	0	53	0	50
0	53	0	33	9	41	0	52	0	48	0	54	0	40	0	50	0	53
0	55	0	52	0	48	6	53	0	60	0	52	0	43	0	50	0	50
0	48	0	54	0	36	5	38	0	44	0	47	0	48	0	37	0	42
0	38	0	61	0	52	11	38	0	54	0	59	0	46	0	48	0	59
0	47	0	46	15	34	0	37	0	59	0	59	0	38	0	43	0	43
0	64	0	47	1	42	0	50	0	47	0	53	0	60	0	60	0	49
0	43	0	53	0	60	0	49	23	23	0	32	0	42	0	47	0	53
9	35	8	41	0	51	0	50	0	54	0	37	0	44	0	55	0	40
10	44	1	40	0	54	0	60	0	39	0	59	0	46	0	49	0	55
11	32	5	50	0	56	0	60	0	52	0	43	0	44	0	53	0	44
8	41	3	40	0	55	0	45	0	55	0	54	0	42	0	46	0	57
