PSec1:alt	PSec1:ref	PSec2:alt	PSec2:ref	M4:alt	M4:ref	M1:alt	M1:ref	M3:alt	M3:ref	M2:alt	M2:ref
24	22	20	26	24	20	21	19	29	35	23	27
26	16	23	24	28	22	0	49	32	25	24	26
31	21	29	22	31	22	0	48	29	16	27	18
0	57	0	39	0	46	29	21	0	46	0	46
0	52	0	50	0	57	0	59	0	58	23	28
0	50	0	40	0	51	17	31	0	62	0	51
22	19	25	24	24	17	0	52	33	28	0	58
30	14	22	18	25	30	0	45	27	22	0	68
0	53	0	59	0	41	1	46	0	62	0	44
0	50	0	48	0	49	9	34	0	53	0	46
0	47	0	49	0	53	0	50	0	44	34	32
0	54	0	48	0	49	16	27	0	41	0	48
20	29	33	20	32	24	0	41	22	20	0	44
0	52	0	47	0	53	0	42	20	21	0	49
13	32	25	24	30	27	0	35	0	46	0	52
0	50	0	55	0	52	0	53	0	56	25	26
0	62	0	55	0	39	0	62	33	33	0	54
0	46	0	63	0	53	0	40	0	52	19	22
0	50	0	56	23	15	0	61	0	57	0	48
0	42	0	57	27	25	0	51	0	54	0	50
0	50	0	52	0	48	0	46	0	46	29	33
0	48	0	42	22	29	0	45	0	62	0	55
0	53	0	52	0	56	0	49	0	52	31	22
0	40	27	22	0	48	0	50	0	48	0	44
0	58	0	48	0	52	0	52	0	50	26	26
0	63	0	55	0	53	0	50	0	47	28	22
0	53	22	30	0	58	0	54	0	53	0	58
0	49	0	54	20	25	0	69	0	58	0	63
0	62	0	38	0	46	0	52	0	46	14	31
0	55	0	42	0	45	0	43	2	41	0	36
0	56	0	49	0	47	0	57	0	59	2	43
0	42	0	52	0	53	0	47	0	57	7	32
0	46	0	42	0	61	0	52	0	54	2	49
0	40	0	47	5	34	0	42	0	39	0	45
0	47	0	41	4	38	0	62	0	37	0	54
