PSec1:alt	PSec1:ref	PSec2:alt	PSec2:ref	M4:alt	M4:ref	M1:alt	M1:ref	M3:alt	M3:ref	M2:alt	M2:ref
19	42	32	14	28	20	31	25	28	20	19	19
7	35	0	51	0	61	18	35	17	15	8	44
13	25	16	28	19	25	8	36	0	56	17	36
4	44	0	49	0	46	11	48	19	27	5	50
17	31	14	27	21	18	13	45	0	55	15	30
17	33	22	30	26	24	12	36	0	51	18	37
0	38	0	39	0	52	18	30	23	30	4	37
0	52	0	50	0	57	15	30	27	24	7	43
0	60	0	53	0	51	11	30	22	23	9	54
0	57	0	49	0	37	12	34	24	28	10	35
0	62	0	52	0	49	15	36	27	22	8	54
19	40	34	32	22	25	8	40	0	47	18	31
17	34	19	27	26	22	14	45	0	54	18	24
26	34	19	29	18	22	11	35	0	41	21	38
26	32	23	26	29	15	15	42	0	53	12	39
18	45	32	23	20	24	11	27	0	59	21	29
0	58	0	49	0	51	10	41	20	35	8	48
0	45	0	56	0	36	4	46	0	30	6	50
19	27	26	25	24	22	14	30	0	39	14	32
0	49	0	46	0	37	9	44	0	53	0	46
0	48	0	55	0	54	0	44	20	26	0	60
25	30	32	26	26	33	9	40	0	44	13	17
0	54	0	57	0	47	0	50	0	70	14	40
18	39	25	28	25	31	14	45	0	39	24	20
0	47	0	43	0	51	0	56	23	22	0	64
0	52	0	41	0	41	13	31	0	51	0	51
9	49	14	36	26	31	0	50	0	57	0	51
0	46	0	50	0	28	8	39	0	40	0	52
0	68	0	54	25	25	0	52	0	55	0	46
0	47	0	44	0	47	0	46	0	45	5	44
0	54	0	57	0	40	0	45	0	55	4	36
6	34	15	27	0	52	0	49	0	43	0	46
0	58	0	51	0	56	0	54	22	40	0	46
0	60	0	42	0	49	0	41	0	53	5	43
0	41	0	50	0	51	0	55	0	50	9	37
7	37	14	22	0	55	0	58	0	58	0	41
0	46	0	58	0	42	0	64	8	46	0	57
0	56	0	44	0	59	0	44	8	47	0	60
0	47	0	39	6	56	0	43	0	57	0	59
0	48	0	57	7	46	0	53	0	48	0	49
0	54	0	53	15	38	0	47	0	50	0	57
