PSec1:alt	PSec1:ref	PSec2:alt	PSec2:ref	M4:alt	M4:ref	M1:alt	M1:ref	M3:alt	M3:ref	M2:alt	M2:ref
21	29	30	20	24	23	39	28	32	21	21	20
0	54	0	42	0	58	6	32	0	46	20	22
18	21	20	20	16	25	18	37	30	28	0	39
0	47	0	46	0	57	10	38	0	47	22	22
0	55	0	49	0	54	14	29	23	20	0	64
0	35	0	52	0	51	7	40	0	47	20	16
0	33	0	55	0	44	8	37	0	40	28	32
13	29	22	24	30	23	0	45	8	33	0	47
0	52	0	46	0	52	14	36	20	28	0	59
0	37	0	43	0	49	9	41	0	60	24	29
0	47	0	39	0	59	10	41	0	44	31	22
0	52	0	41	0	39	0	53	18	27	0	39
0	46	0	56	0	53	10	47	0	41	0	52
17	33	18	18	35	23	0	49	6	40	0	58
0	58	0	44	0	43	0	50	14	29	0	43
16	36	33	28	38	20	0	51	6	44	0	66
0	59	0	42	0	58	0	47	0	53	31	23
0	54	0	41	0	51	0	56	21	22	0	33
0	51	0	55	0	48	0	51	0	40	24	24
18	50	23	23	26	24	0	59	9	46	0	44
18	31	13	27	17	21	0	64	5	41	0	63
0	60	0	43	0	56	0	56	0	64	27	23
18	36	34	26	27	19	0	44	3	48	0	55
0	45	0	61	0	52	0	52	0	36	23	27
0	49	0	60	0	58	0	35	14	32	0	53
0	49	0	53	0	51	0	52	0	55	13	32
0	46	0	51	0	43	0	48	0	50	5	45
0	53	0	45	0	52	0	56	0	59	12	29
13	32	31	30	31	19	0	35	5	46	0	45
0	49	0	43	0	52	0	46	5	48	0	56
0	56	0	61	24	25	0	63	0	45	0	59
0	55	0	45	24	29	0	45	0	47	0	55
0	53	0	45	29	14	0	50	0	47	0	37
