PSec1:alt	PSec1:ref	PSec2:alt	PSec2:ref	M4:alt	M4:ref	M1:alt	M1:ref	M3:alt	M3:ref	M2:alt	M2:ref
21	21	25	15	26	18	23	19	19	33	18	23
0	76	0	45	26	22	0	65	0	39	1	57
0	36	0	48	0	52	24	36	0	46	19	29
21	32	10	40	0	53	3	36	27	24	0	48
18	24	22	33	0	41	6	46	20	20	0	50
0	52	0	57	25	26	0	50	0	60	7	56
0	47	0	48	0	52	24	38	0	57	28	30
0	41	0	46	20	26	0	50	0	50	4	57
24	27	20	30	0	44	9	43	19	23	0	52
0	43	0	55	24	36	0	50	0	46	4	49
23	25	18	38	0	52	5	44	28	26	0	47
0	56	0	49	29	25	0	50	0	51	9	43
23	20	20	21	0	55	7	29	27	23	0	49
0	55	0	49	22	25	0	52	0	44	1	51
0	63	0	59	26	25	0	48	0	59	7	52
0	51	0	61	20	25	0	46	0	46	5	44
0	50	0	53	0	50	0	41	0	52	15	23
0	50	0	43	0	52	0	55	0	49	16	32
0	41	0	48	0	50	0	44	0	33	17	30
0	56	0	51	0	56	0	45	0	38	18	26
23	29	10	36	0	55	4	57	27	25	0	48
0	68	0	50	35	30	0	46	0	54	4	46
0	53	0	45	0	52	0	61	0	48	5	40
0	55	0	51	0	62	0	49	0	43	6	39
31	29	16	20	0	70	1	48	32	26	0	57
0	47	4	46	0	50	0	55	0	65	0	65
0	61	0	51	0	41	6	34	15	39	0	37
0	49	0	51	0	58	8	37	10	44	0	62
0	45	0	58	0	54	0	63	14	36	0	59
0	53	0	54	0	54	0	40	0	64	2	44
0	52	0	57	18	20	0	43	0	59	0	46
0	53	0	55	0	62	0	51	9	38	0	51
0	45	0	61	0	44	0	55	13	29	0	48
0	58	0	35	23	24	0	46	0	45	0	56
