PSec1:alt	PSec1:ref	PSec2:alt	PSec2:ref	M4:alt	M4:ref	M1:alt	M1:ref	M3:alt	M3:ref	M2:alt	M2:ref
24	21	17	28	22	21	28	30	20	24	29	19
2	50	0	48	0	50	27	29	31	31	0	44
0	52	0	50	27	29	3	45	0	53	17	26
0	60	0	55	0	48	0	58	0	55	20	28
0	58	0	44	27	28	3	34	0	78	0	57
0	45	0	45	0	60	17	39	23	28	0	52
0	30	0	51	19	28	6	41	0	59	0	41
0	51	0	69	3	43	0	50	0	50	0	54
0	45	0	56	0	46	21	29	26	27	0	48
0	50	0	44	17	41	3	49	0	44	0	56
0	44	0	46	0	45	27	25	22	30	0	58
0	53	0	57	0	53	0	45	0	49	26	32
0	55	0	50	6	54	0	44	0	43	0	51
0	48	0	53	8	45	0	63	0	61	0	48
0	49	0	44	0	48	24	36	31	27	0	48
0	57	0	46	22	24	9	38	0	58	0	46
0	48	0	49	18	35	4	43	0	47	0	50
0	43	0	50	0	44	0	58	0	62	27	27
0	52	0	47	3	42	0	49	0	50	0	52
22	33	14	21	0	49	0	51	0	47	0	49
0	47	0	61	0	44	18	24	30	22	0	54
0	50	0	54	0	62	0	53	0	54	19	27
0	51	0	42	4	49	0	39	0	50	0	39
18	37	18	30	0	58	0	52	0	51	0	51
0	53	0	58	0	36	0	52	0	62	7	44
0	44	0	54	0	47	0	51	0	53	7	35
0	41	0	60	0	49	26	36	5	27	0	61
19	29	16	35	0	40	0	48	0	53	0	55
0	47	0	52	0	68	0	47	0	52	11	29
0	49	0	49	0	51	19	27	0	45	0	54
0	67	0	51	0	42	0	51	0	56	15	38
0	44	0	42	0	44	24	24	0	55	0	59
0	49	0	54	0	50	0	39	0	49	19	31
14	39	18	33	0	47	0	39	0	57	0	55
0	68	0	59	0	56	20	42	0	47	0	60
0	52	0	54	0	41	0	42	0	54	25	40
0	61	0	49	0	47	0	57	0	48	15	28
0	62	0	33	0	45	0	33	0	53	27	36
5	38	24	27	0	37	0	60	0	50	0	52
0	46	0	44	0	40	1	40	0	44	0	51
0	47	0	49	0	50	0	43	0	52	23	34
0	47	4	50	0	49	0	61	0	66	0	56
0	41	0	44	0	52	3	42	0	52	0	47
0	44	0	60	0	36	5	44	0	55	0	50
0	40	0	45	0	48	1	49	0	62	0	30
0	51	0	46	0	45	14	27	0	53	0	44
0	53	0	52	0	54	11	37	0	47	0	53
