PSec1:alt	PSec1:ref	PSec2:alt	PSec2:ref	M4:alt	M4:ref	M1:alt	M1:ref	M3:alt	M3:ref	M2:alt	M2:ref
28	21	13	24	24	30	34	31	28	25	20	34
0	55	0	58	0	54	0	48	23	27	0	42
0	54	0	60	0	63	0	43	0	50	22	25
0	65	0	48	0	48	0	51	32	24	0	44
10	31	14	31	22	26	0	52	0	46	0	36
0	39	0	52	0	49	0	49	0	43	22	29
13	30	19	27	22	37	0	48	0	56	0	49
0	46	0	48	0	70	23	27	0	41	0	42
8	45	13	33	26	28	0	56	0	57	0	45
4	51	11	43	0	47	0	52	0	53	0	37
0	50	0	57	0	59	0	56	18	23	0	46
11	35	17	31	31	26	0	46	0	51	0	55
6	41	5	41	0	48	0	51	0	41	0	48
0	52	0	43	0	53	21	36	0	51	0	47
6	38	11	48	0	37	0	54	0	47	0	52
0	46	0	50	0	51	6	44	0	43	0	58
11	50	17	26	26	20	0	47	0	49	0	45
0	57	0	43	0	60	15	39	0	49	0	48
8	48	5	48	0	47	0	52	0	41	0	56
16	43	9	36	23	21	0	55	0	56	0	47
8	51	8	50	0	57	0	57	0	53	0	48
7	54	11	47	0	43	0	57	0	53	0	43
0	46	0	47	0	51	0	40	0	52	19	27
14	43	18	27	23	23	0	56	0	46	0	53
8	46	5	28	0	53	0	51	0	60	0	56
9	30	16	28	30	19	0	48	0	43	0	47
0	54	0	52	0	47	0	40	0	51	22	30
6	56	7	40	0	43	0	60	0	66	0	53
8	42	11	41	0	39	0	50	0	53	0	56
0	54	0	47	0	53	0	59	27	28	0	65
0	45	0	46	0	43	0	59	25	19	0	61
13	47	0	43	0	51	0	52	0	33	0	62
8	46	5	45	0	62	0	50	0	47	0	48
0	49	0	46	23	26	0	44	0	63	0	44
10	46	8	47	0	51	0	53	0	56	0	47
0	58	0	61	0	60	0	58	0	53	7	49
11	39	8	40	0	43	0	55	0	54	0	39
0	46	0	40	34	29	0	38	0	50	0	45
0	47	0	46	0	44	0	50	18	24	0	47
3	38	11	36	0	52	0	40	0	54	0	50
6	47	3	37	0	62	0	43	0	56	0	51
7	53	8	37	0	46	0	46	0	53	0	42
0	41	0	53	0	48	0	38	22	21	0	51
0	55	0	52	17	28	0	56	0	54	0	57
10	34	0	62	0	45	0	46	0	63	0	56
0	51	0	52	0	54	0	47	16	29	0	72
0	48	0	38	0	49	0	58	19	32	0	51
14	47	0	46	0	49	0	44	0	54	0	57
12	44	0	48	0	54	0	52	0	44	0	44
0	57	0	48	12	31	0	43	0	50	0	50
14	31	0	46	0	61	0	51	0	54	0	43
0	29	0	55	3	50	0	48	0	52	0	49
0	57	0	45	7	40	0	51	0	58	0	43
