PSec1:alt	PSec1:ref	PSec2:alt	PSec2:ref	M4:alt	M4:ref	M1:alt	M1:ref	M3:alt	M3:ref	M2:alt	M2:ref
23	23	36	28	39	33	24	26	30	26	25	24
17	30	22	32	27	25	29	30	14	23	25	20
0	58	0	57	0	54	0	66	0	49	13	23
0	47	0	50	0	59	0	57	30	23	0	50
0	51	0	56	0	57	0	40	26	30	0	56
18	31	31	21	0	55	17	28	0	58	0	52
28	21	21	24	0	60	25	34	0	45	0	47
0	50	0	51	25	24	7	46	0	55	0	42
22	21	31	28	0	54	17	20	0	46	0	52
0	39	0	47	25	26	5	34	0	40	0	61
25	24	28	26	0	47	21	25	0	52	0	63
0	56	0	48	18	23	9	49	0	49	0	43
0	60	0	47	23	25	0	46	0	51	0	52
0	46	0	56	0	49	0	48	0	50	3	44
0	64	0	61	0	54	0	50	0	59	3	41
0	39	0	48	29	25	0	47	0	47	0	45
24	32	22	28	0	45	23	27	0	65	0	52
0	52	0	51	28	25	0	40	0	48	0	44
0	50	0	52	0	48	0	44	19	28	0	53
2	43	15	34	0	61	26	22	0	59	0	44
3	40	0	48	0	59	9	39	0	47	0	51
0	49	0	50	0	50	6	38	0	45	0	39
0	47	0	48	25	25	0	54	0	51	0	38
0	62	0	48	0	52	4	51	0	36	0	59
0	55	0	53	0	50	8	39	0	57	0	56
0	35	0	54	0	53	7	45	0	55	0	43
