PSec1:alt	PSec1:ref	PSec2:alt	PSec2:ref	M4:alt	M4:ref	M1:alt	M1:ref	M3:alt	M3:ref	M2:alt	M2:ref
26	28	26	21	20	21	24	16	15	24	27	30
28	26	18	32	30	20	23	26	29	28	29	14
0	37	0	52	0	50	0	50	4	49	0	53
26	22	18	29	21	19	8	36	18	18	9	41
0	50	0	39	0	48	14	33	0	60	0	46
0	57	0	42	0	42	0	44	0	53	9	44
0	49	0	45	0	49	0	64	0	50	2	44
28	27	41	29	25	25	5	42	23	36	13	39
0	47	0	55	0	51	0	52	0	51	4	43
0	43	0	39	0	45	0	57	0	49	8	33
0	48	0	52	0	46	13	27	0	48	0	36
25	24	25	23	24	27	14	44	17	24	17	37
0	53	0	40	0	58	0	62	3	45	0	54
21	28	26	27	31	26	4	39	22	31	17	41
37	25	28	24	22	25	12	41	16	36	16	35
0	37	0	51	0	50	0	62	5	34	0	60
0	55	0	52	0	56	0	52	0	57	11	47
0	50	0	48	0	49	0	40	4	34	0	42
24	22	26	28	25	25	9	35	13	35	20	31
0	49	0	56	0	56	16	31	0	53	0	57
22	41	15	30	25	32	0	44	21	33	8	30
0	55	0	50	0	60	0	58	0	41	8	47
0	49	0	59	0	51	31	38	0	38	0	47
0	55	0	57	0	43	0	44	0	55	7	46
0	55	0	58	0	38	12	30	0	58	0	37
0	59	0	64	0	56	0	38	0	50	8	31
0	52	0	42	0	55	0	59	0	53	12	52
0	63	0	54	0	63	5	34	0	50	0	49
0	43	0	39	0	43	12	26	0	49	0	49
0	48	0	60	0	40	0	55	0	33	7	51
0	46	0	42	0	65	21	29	0	45	0	51
0	47	0	61	0	50	0	55	0	60	17	28
0	54	0	49	0	52	0	49	0	54	13	33
0	54	0	57	0	46	0	39	20	32	0	48
0	46	0	46	0	50	0	50	7	49	0	60
0	47	0	45	0	27	0	54	0	47	7	42
0	50	0	47	0	47	0	50	4	38	0	58
0	51	0	45	0	53	0	59	0	46	6	53
0	50	0	43	0	38	11	44	0	42	0	56
0	40	0	56	0	39	0	59	6	48	0	43
0	49	0	45	0	42	0	40	4	40	0	56
0	56	0	54	0	54	0	48	0	55	17	31
0	52	0	43	0	49	0	49	9	50	0	41
0	60	0	61	0	57	0	52	21	39	0	58
0	54	0	57	0	52	0	44	12	38	0	54
0	47	0	51	0	60	0	62	0	43	7	36
0	52	0	42	12	45	0	51	0	59	0	47
0	44	0	47	0	52	0	57	0	64	8	46
0	48	0	50	0	38	0	59	0	41	9	42
0	45	0	50	0	37	0	47	0	54	11	42
