PSec1:alt	PSec1:ref	PSec2:alt	PSec2:ref	M4:alt	M4:ref	M1:alt	M1:ref	M3:alt	M3:ref	M2:alt	M2:ref
35	34	19	28	21	27	23	30	21	24	21	35
0	51	0	51	0	49	0	46	15	28	0	63
5	49	14	51	12	26	25	26	0	63	0	44
0	39	0	40	0	59	0	59	0	43	22	24
0	65	0	51	15	35	0	36	0	50	0	49
3	57	0	52	0	47	0	54	0	58	0	58
0	49	0	42	13	39	0	55	0	62	0	46
0	62	0	52	11	31	0	51	0	53	0	52
0	47	0	53	0	48	0	45	0	51	20	20
0	46	0	40	0	56	0	47	18	26	0	44
0	52	0	52	0	56	26	27	0	52	0	47
0	58	0	39	12	36	0	50	0	53	0	52
0	52	0	44	0	48	0	45	21	22	0	37
0	49	0	43	11	42	0	50	0	50	0	52
0	40	0	56	0	51	1	38	0	55	0	60
0	57	0	55	0	48	0	48	27	30	0	48
0	43	0	48	0	49	0	35	20	23	0	54
0	61	0	47	0	45	0	56	0	53	24	20
0	58	0	58	9	42	0	49	0	49	0	49
0	42	0	56	0	45	0	46	0	59	4	49
0	45	0	45	0	29	0	59	0	62	11	41
0	54	0	50	0	54	0	48	9	55	0	41
0	56	0	61	9	35	0	47	0	48	0	48
0	49	0	43	10	39	0	56	0	41	0	53
0	45	0	47	0	48	0	52	4	43	0	51
0	47	0	46	11	44	0	52	0	63	0	41
0	51	0	57	14	27	0	30	0	52	0	48
0	54	0	48	11	38	0	34	0	43	0	45
0	50	0	42	17	32	0	39	0	48	0	58
0	51	0	39	5	45	0	42	0	53	0	52
0	43	0	57	7	37	0	46	0	45	0	44
