PSec1:alt	PSec1:ref	PSec2:alt	PSec2:ref	M5:alt	M5:ref	M4:alt	M4:ref	M1:alt	M1:ref	M3:alt	M3:ref	M2:alt	M2:ref
16	25	17	28	18	27	23	28	14	19	19	24	32	27
13	36	16	42	0	47	0	52	25	23	0	62	0	37
5	43	12	47	0	50	0	44	0	56	0	46	0	59
3	50	2	41	0	41	0	55	0	60	0	51	0	47
2	49	0	53	28	30	24	22	0	52	27	26	30	21
0	51	0	47	0	53	0	37	27	19	0	49	0	33
0	45	0	57	0	51	23	27	0	47	0	49	24	18
0	45	0	51	0	49	0	43	23	24	0	54	0	48
0	48	0	48	0	48	0	59	17	20	0	55	0	47
0	55	0	42	36	20	0	42	0	46	21	30	0	57
0	50	0	48	27	21	0	54	0	37	24	29	0	46
0	57	0	65	0	61	0	42	22	32	0	44	0	48
0	33	0	49	0	49	0	47	23	23	0	39	0	55
0	56	0	56	0	48	27	26	0	58	0	48	35	32
0	45	0	55	0	50	0	66	33	23	0	45	0	51
0	52	0	56	0	48	20	19	0	33	0	67	25	33
0	55	0	57	0	46	0	50	20	29	0	51	0	39
0	45	0	45	22	24	0	47	0	61	20	29	0	60
0	48	0	61	0	44	0	58	29	23	0	54	0	44
0	54	0	49	23	23	0	39	0	46	20	21	0	46
0	55	0	37	0	41	0	45	26	27	0	44	0	50
0	49	0	54	0	42	0	50	28	22	0	51	0	55
0	45	0	50	20	30	0	44	0	53	24	32	0	41
0	47	0	51	0	41	24	29	0	40	0	43	22	24
0	52	0	44	27	26	0	48	0	47	22	25	0	47
0	49	0	26	0	44	0	56	2	58	0	39	0	51
0	54	0	36	32	28	0	43	0	57	26	23	0	61
0	59	0	48	27	29	0	41	0	46	35	20	0	51
0	53	0	48	23	17	0	50	0	43	22	31	0	42
0	48	0	55	0	53	8	39	0	41	0	51	3	41
0	54	0	51	0	59	0	57	0	47	0	56	4	43
0	52	0	44	0	47	0	50	0	46	0	41	8	51
0	41	0	44	21	27	0	42	0	43	0	40	0	55
0	50	0	41	0	56	7	37	0	44	0	42	0	47
0	49	0	52	0	44	10	41	0	44	0	46	0	55
0	45	0	45	0	53	8	33	0	46	0	44	0	62
0	34	0	62	0	55	10	37	0	50	0	45	0	55
0	57	0	56	0	46	10	40	0	52	0	54	0	44
0	39	0	56	24	25	0	45	0	53	0	49	0	54
0	57	0	53	0	42	12	37	0	60	0	49	0	38
0	48	0	56	0	53	6	47	0	49	0	45	0	53
0	55	0	50	0	55	16	34	0	43	0	56	0	50
0	50	0	47	0	55	2	38	0	41	0	47	0	57
0	49	0	50	8	31	0	56	0	54	0	49	0	49
0	50	0	41	0	51	11	33	0	50	0	41	0	49
0	44	0	49	0	54	3	43	0	50	0	42	0	50
