PSec1:alt	PSec1:ref	PSec2:alt	PSec2:ref	M5:alt	M5:ref	M4:alt	M4:ref	M7:alt	M7:ref	M6:alt	M6:ref	M1:alt	M1:ref	M3:alt	M3:ref	M2:alt	M2:ref	M8:alt	M8:ref
26	24	14	34	27	19	20	24	25	16	25	19	16	27	29	26	26	32	19	22
0	45	0	60	0	52	0	51	0	52	0	39	0	49	25	23	0	49	0	55
0	47	0	49	0	62	22	31	0	55	0	48	0	44	0	44	0	55	0	53
0	52	0	50	0	52	0	55	0	46	0	50	0	60	0	52	19	22	0	61
0	47	0	42	0	57	0	65	0	57	0	48	0	58	30	22	0	56	0	53
23	33	10	45	26	19	0	46	0	58	25	24	0	52	0	47	0	43	25	27
0	62	0	62	0	52	0	43	0	48	0	56	0	57	0	53	20	33	0	59
29	26	12	36	26	26	0	42	0	64	31	20	0	45	0	61	0	61	21	29
0	48	0	48	0	44	0	45	0	65	0	43	32	22	0	47	0	67	0	50
18	27	15	35	11	27	0	35	0	49	25	33	0	60	0	47	0	66	18	29
5	39	0	46	0	54	0	59	26	24	0	38	0	50	0	47	0	43	0	49
0	55	0	45	0	48	27	26	0	45	0	57	0	53	0	39	0	46	0	40
0	40	0	65	0	44	0	56	0	66	0	57	0	68	27	32	0	42	0	52
17	33	12	25	26	29	0	43	0	54	21	29	0	64	0	53	0	51	21	19
6	52	0	55	0	46	0	52	28	25	0	48	0	43	0	33	0	48	0	51
0	59	0	52	0	35	0	50	0	49	0	65	13	38	0	49	0	57	0	54
7	48	0	45	0	49	0	63	30	14	0	43	0	49	0	51	0	45	0	50
15	30	9	35	32	30	0	51	0	50	23	24	0	60	0	64	0	60	24	20
0	52	0	39	0	53	0	48	0	61	0	59	14	44	0	67	0	49	0	55
7	36	0	48	0	64	0	41	22	25	0	47	0	53	0	59	0	47	0	52
25	16	10	43	24	23	0	45	0	50	22	28	0	53	0	55	0	49	23	26
6	42	0	43	0	41	0	48	35	23	0	53	0	52	0	49	0	48	0	35
4	43	0	43	0	56	0	50	34	30	0	36	0	60	0	49	0	47	0	60
0	58	0	65	0	71	0	40	0	45	0	55	0	45	0	40	29	19	0	51
18	23	12	42	34	26	0	55	0	56	25	20	0	51	0	46	0	41	24	22
3	51	0	43	0	45	0	59	21	16	0	43	0	46	0	44	0	45	0	59
24	45	10	44	28	27	0	55	0	42	22	33	0	53	0	49	0	51	27	33
0	53	0	63	0	49	0	47	0	47	0	64	0	56	0	60	20	25	0	45
3	45	0	41	0	49	0	34	30	25	0	58	0	58	0	50	0	48	0	54
8	48	0	46	0	57	0	53	32	37	0	58	0	49	0	43	0	52	0	39
0	51	0	55	0	47	0	42	0	40	0	46	0	41	19	25	0	54	0	45
0	46	0	59	0	40	24	17	0	61	0	60	0	43	0	57	0	50	0	58
0	44	0	48	0	40	0	39	0	49	0	40	0	55	27	20	0	48	0	49
12	32	0	51	0	63	0	55	0	48	0	42	0	47	0	54	0	49	25	23
11	42	0	45	0	56	0	53	14	25	0	67	0	51	0	63	0	61	0	51
0	46	0	40	33	30	0	50	0	44	22	30	0	53	0	49	0	55	0	60
0	45	0	47	0	50	26	25	0	55	0	52	0	52	0	45	0	45	0	55
8	49	0	45	0	63	0	67	32	29	0	57	0	55	0	54	0	44	0	51
5	37	7	39	0	56	0	44	0	63	0	39	0	57	0	48	0	55	0	35
4	37	0	51	0	42	0	52	29	39	0	70	0	57	0	58	0	52	0	51
0	53	0	38	23	25	0	47	0	42	0	51	0	54	0	55	0	42	0	61
0	57	0	53	0	51	0	48	0	44	0	38	0	50	21	29	0	60	0	53
5	35	0	49	0	59	0	40	27	30	0	39	0	61	0	57	0	52	0	44
4	39	3	39	0	36	0	53	0	53	0	37	0	50	0	54	0	59	0	51
0	71	0	45	0	37	0	45	0	62	35	26	0	49	0	47	0	41	0	48
6	42	0	49	0	46	0	42	19	25	0	54	0	55	0	55	0	72	0	45
4	44	7	45	0	57	0	49	0	48	0	55	0	50	0	51	0	50	0	45
4	50	0	44	0	41	0	48	18	34	0	44	0	44	0	58	0	45	0	45
0	54	0	42	0	64	0	44	0	64	0	52	0	50	21	27	0	56	0	53
0	34	0	46	27	19	0	57	0	52	0	45	0	49	0	46	0	51	0	54
0	44	0	50	0	51	0	48	0	52	28	19	0	55	0	38	0	43	0	52
16	36	0	43	0	55	0	53	0	59	0	56	0	55	0	48	0	49	19	33
0	56	0	41	0	42	0	52	0	48	20	21	0	39	0	56	0	38	0	64
0	47	0	61	0	41	0	67	0	53	0	47	0	62	15	43	0	41	0	45
0	49	0	49	0	48	0	46	0	64	0	58	0	44	1	39	0	52	0	50
0	48	0	50	0	55	0	58	0	52	0	43	0	49	13	37	0	53	0	42
13	40	0	40	0	52	0	43	0	55	0	56	0	52	0	57	0	49	27	43
0	37	0	48	0	55	0	48	34	29	0	44	0	46	0	49	0	39	0	55
0	40	0	40	0	45	0	52	0	47	0	39	0	40	6	44	0	48	0	50
0	50	0	53	0	47	24	32	0	57	0	55	0	44	0	54	0	41	0	50
0	43	0	56	0	56	22	15	0	50	0	57	0	54	0	54	0	49	0	57
13	41	0	48	0	58	0	43	0	44	0	36	0	49	0	44	0	39	23	14
0	51	0	44	19	36	0	62	0	44	0	62	0	42	0	52	0	47	0	47
17	34	0	61	0	59	0	45	0	45	0	65	0	54	0	49	0	58	26	27
6	49	9	34	0	39	0	40	0	48	0	54	0	52	0	47	0	51	0	48
0	49	0	38	3	51	0	46	0	52	0	47	0	40	0	53	0	53	0	43
5	57	7	58	0	45	0	55	0	40	0	44	0	49	0	44	0	48	0	46
0	53	0	37	8	50	0	39	0	36	0	38	0	43	0	50	0	59	0	56
0	55	0	55	12	39	0	45	0	54	0	55	0	47	0	41	0	45	0	52
0	48	0	50	2	43	0	46	0	50	0	36	0	69	0	57	0	49	0	48
0	53	0	56	0	55	0	43	0	69	0	44	0	54	0	52	0	41	25	27
0	39	0	49	0	60	8	43	0	44	0	46	0	51	0	46	0	47	0	48
0	45	0	59	0	48	0	45	20	30	0	46	0	39	0	52	0	44	0	45
0	61	0	59	0	51	9	43	0	55	0	63	0	54	0	60	0	45	0	44
0	36	0	43	0	55	0	62	11	46	0	53	0	56	0	50	0	41	0	51
0	60	0	59	0	47	0	51	4	39	0	54	0	49	0	47	0	56	0	55
0	49	0	52	0	50	0	49	12	25	0	51	0	62	0	45	0	53	0	45
0	51	0	46	0	47	0	55	0	51	0	49	0	45	0	53	0	49	9	43
