PSec1:alt	PSec1:ref	PSec2:alt	PSec2:ref	M5:alt	M5:ref	M4:alt	M4:ref	M7:alt	M7:ref	M6:alt	M6:ref	M1:alt	M1:ref	M3:alt	M3:ref	M2:alt	M2:ref	M9:alt	M9:ref	M8:alt	M8:ref
22	28	25	16	28	27	27	19	21	28	31	32	20	36	23	29	23	19	16	28	20	24
18	32	2	56	21	27	21	21	31	30	28	23	22	16	24	26	21	23	24	25	25	22
11	34	13	38	0	47	0	44	0	45	0	48	0	42	0	42	0	56	0	61	0	43
0	35	0	37	34	22	13	27	31	28	23	19	29	25	21	34	25	24	24	19	13	29
0	48	0	62	0	51	5	45	0	51	0	52	0	56	0	51	0	44	0	46	0	49
0	42	0	44	0	41	6	67	0	57	0	52	0	60	0	51	0	46	0	60	0	49
0	49	0	64	0	58	0	48	0	43	0	55	0	59	4	44	0	50	0	49	0	57
0	44	0	45	0	54	0	52	0	49	0	54	0	48	7	40	0	51	0	50	0	54
0	48	0	55	0	39	7	53	0	49	0	45	0	51	0	63	0	57	0	53	0	41
0	55	0	53	23	28	9	50	34	26	20	35	18	23	26	42	24	16	24	25	32	44
0	62	0	50	0	48	6	50	0	55	0	61	0	53	0	61	0	44	0	50	0	54
0	42	0	55	0	63	8	30	0	47	0	61	0	52	0	52	0	54	0	45	0	55
0	47	0	49	0	49	0	46	0	55	0	46	0	50	6	37	0	43	0	42	0	60
0	45	0	54	21	23	20	32	24	26	18	20	20	17	17	25	18	31	32	30	31	17
0	44	0	47	20	28	4	41	32	22	28	17	31	20	22	38	23	25	19	25	30	26
0	42	0	53	26	27	9	40	19	24	27	25	30	25	22	18	32	22	30	19	20	29
0	39	0	57	0	51	0	58	0	45	0	57	0	58	10	45	0	46	0	51	0	46
0	61	0	40	32	30	16	45	34	25	21	28	31	22	22	34	14	27	29	26	25	26
0	59	0	61	0	49	0	53	0	47	0	51	0	45	6	43	0	56	0	51	0	57
0	59	0	57	0	47	14	37	0	48	0	47	0	46	0	46	0	54	0	43	0	47
0	36	0	61	0	47	0	54	0	58	0	49	0	32	7	45	0	42	0	56	0	50
0	40	0	48	0	46	0	53	0	46	0	59	0	53	24	34	0	47	0	57	0	50
0	37	0	64	0	57	5	35	0	51	0	47	0	58	0	62	0	60	0	55	0	56
0	57	0	49	0	50	0	50	0	57	0	49	0	45	17	26	0	46	0	34	0	45
0	36	0	35	0	54	0	44	0	38	24	19	0	46	0	54	0	48	0	56	0	54
0	55	0	44	23	21	0	44	0	48	0	47	0	48	0	46	0	44	0	36	0	54
0	48	0	46	0	53	0	45	13	41	0	49	0	42	0	50	0	53	0	58	0	48
0	56	0	43	0	50	0	47	5	44	0	53	19	34	0	46	30	20	19	25	0	43
0	39	0	52	0	54	0	55	4	37	0	45	21	28	0	59	23	20	31	18	0	59
0	49	0	56	0	42	0	52	3	42	0	36	0	52	0	44	0	51	0	57	0	56
0	59	0	49	23	19	0	57	0	36	0	49	0	40	0	40	0	52	0	57	0	51
0	54	0	56	0	41	0	52	0	53	0	68	0	53	0	44	0	60	29	20	0	54
0	49	0	48	0	50	0	45	6	25	0	42	0	69	0	52	0	47	0	54	0	44
0	74	0	49	0	45	7	46	6	37	0	44	0	54	0	38	0	48	0	49	27	23
0	44	0	38	0	56	0	50	0	48	0	59	8	42	0	56	0	53	0	49	0	44
0	42	0	48	0	44	0	39	0	56	0	54	0	52	28	27	0	44	0	47	0	44
0	48	0	52	5	42	0	43	0	48	0	61	0	45	0	49	0	47	0	46	0	47
0	58	0	55	0	48	0	43	0	58	0	36	0	42	0	55	0	40	20	33	0	41
0	49	0	41	7	47	0	59	0	53	0	56	0	50	0	50	0	53	0	45	0	57
0	52	0	45	0	35	0	45	0	46	0	49	9	31	0	52	0	44	0	45	0	51
0	55	0	48	0	54	0	53	0	57	16	48	0	47	0	51	0	48	0	59	0	47
0	58	0	50	0	57	0	57	0	50	0	41	0	42	0	58	24	28	0	50	0	45
0	53	0	62	0	41	0	38	0	34	0	58	0	61	0	35	29	34	0	59	0	32
0	47	0	44	0	52	0	45	0	57	0	56	11	44	0	52	0	49	0	57	0	47
0	44	0	45	6	49	0	46	0	48	0	52	0	46	0	50	0	59	0	53	0	50
0	55	0	50	0	45	0	57	0	50	9	39	0	54	0	42	0	54	0	47	0	46
0	44	0	52	0	50	0	49	0	54	0	59	0	48	0	55	0	53	22	27	0	55
0	72	0	50	0	54	0	38	0	43	14	33	0	45	0	36	0	45	0	56	0	38
0	50	0	49	0	36	0	51	0	52	0	45	11	48	0	63	0	51	0	41	0	47
0	44	0	56	0	43	0	37	9	45	0	55	0	49	0	48	0	33	0	51	0	39
0	59	0	51	0	36	0	42	0	52	0	42	0	42	14	41	0	35	0	53	0	40
0	43	0	40	0	48	0	39	6	28	0	42	0	44	0	60	0	49	0	49	0	44
0	48	0	60	0	53	0	54	0	45	0	44	0	47	9	39	0	53	0	65	0	56
0	46	0	44	0	60	0	54	0	55	0	41	0	55	0	62	33	20	0	46	0	47
0	55	0	40	0	44	0	58	0	56	0	50	6	43	0	41	0	43	0	53	0	62
0	51	0	47	0	56	0	44	0	55	0	40	0	46	0	50	0	59	0	50	24	28
0	50	0	55	0	40	0	44	9	32	0	36	0	59	0	52	0	53	0	49	0	63
0	45	0	60	0	40	0	54	0	37	0	52	15	30	0	51	0	35	0	58	0	67
0	43	0	53	0	49	0	52	0	44	0	58	0	45	0	50	4	40	0	33	0	54
0	51	0	40	0	39	0	50	0	45	0	41	7	45	0	52	0	48	0	48	0	50
0	52	0	47	0	64	0	54	10	37	0	45	0	43	0	56	0	55	0	50	0	54
0	37	0	41	0	48	0	41	0	40	0	56	0	54	0	62	0	36	7	37	0	50
0	53	0	39	0	69	0	60	11	48	0	53	0	50	0	57	0	51	0	59	0	47
0	62	0	47	0	42	0	50	0	43	0	40	0	46	0	54	0	59	0	45	3	52
