PSec1:alt	PSec1:ref	PSec2:alt	PSec2:ref	M5:alt	M5:ref	M4:alt	M4:ref	M7:alt	M7:ref	M6:alt	M6:ref	M1:alt	M1:ref	M3:alt	M3:ref	M2:alt	M2:ref
27	24	22	25	30	23	23	25	25	23	19	18	27	22	31	26	16	24
19	35	7	39	30	32	0	55	23	33	30	21	0	52	30	31	3	46
22	35	13	35	36	28	0	53	28	21	30	32	0	49	25	26	2	32
0	51	0	50	0	54	0	54	0	40	0	51	0	52	0	49	7	28
0	44	0	44	0	52	25	32	0	54	0	51	24	25	0	46	14	28
0	55	0	40	0	40	0	44	0	40	0	57	0	43	0	46	9	43
0	57	0	57	0	50	0	46	0	49	0	51	0	49	0	52	3	47
0	54	0	66	0	49	0	65	0	46	0	56	0	37	0	50	12	42
20	39	9	27	35	18	0	53	27	30	17	19	0	57	23	19	0	64
19	24	6	28	33	19	0	67	25	24	26	28	0	37	22	30	0	39
0	41	0	50	0	47	29	28	0	44	0	55	26	38	0	55	15	42
0	43	0	42	0	47	0	49	0	59	0	46	0	58	0	41	10	40
0	57	0	46	0	41	0	54	0	41	0	47	0	34	0	54	3	55
0	44	0	48	0	49	26	24	0	46	0	55	22	11	0	59	15	49
0	51	0	50	0	46	0	55	0	46	0	59	0	57	0	53	5	36
0	56	0	51	0	41	31	21	0	60	0	61	31	24	0	48	13	43
0	50	0	55	0	54	0	46	0	48	0	50	0	55	0	46	11	34
0	46	0	39	0	49	29	28	0	48	0	51	28	26	0	50	15	39
21	20	13	46	21	28	0	52	31	32	24	30	0	54	23	26	0	63
25	37	6	32	32	12	0	59	28	35	32	22	0	54	23	27	0	58
0	60	0	69	0	44	0	48	0	50	0	49	0	38	0	46	4	48
0	57	0	43	0	41	0	41	0	52	0	53	5	40	0	55	0	48
16	30	6	35	34	17	0	57	30	24	26	24	0	44	22	25	0	59
24	36	10	51	19	17	0	34	23	30	30	26	0	67	21	28	0	60
8	26	9	43	27	25	0	54	22	25	21	27	0	52	31	23	0	39
0	59	0	47	0	44	0	59	0	42	0	48	0	52	0	49	8	40
0	48	0	44	0	48	0	50	0	35	0	45	0	33	0	51	5	54
0	59	0	38	0	41	0	48	0	42	0	46	0	46	0	44	2	57
17	33	10	50	29	26	0	50	29	21	22	22	0	56	24	23	0	44
0	53	0	56	0	39	22	24	0	51	0	58	0	46	0	52	14	36
0	34	0	51	0	50	0	49	0	55	0	56	0	53	0	50	1	37
0	46	0	61	0	51	0	46	0	51	0	50	0	44	0	54	6	34
31	26	6	46	27	23	0	68	33	27	24	33	0	60	30	21	0	38
0	49	0	60	0	45	0	46	0	50	0	48	0	53	0	50	4	47
0	57	0	61	0	52	28	25	0	51	0	55	0	49	0	51	0	46
23	23	8	30	17	20	0	54	27	32	20	25	0	51	26	22	0	44
15	24	4	42	21	25	0	59	23	18	33	28	0	47	36	29	0	43
14	28	11	45	19	32	0	46	11	21	29	33	0	60	29	17	0	53
23	26	7	39	25	28	0	59	22	30	30	23	0	59	18	26	0	49
24	28	7	40	22	24	0	51	22	26	27	19	0	52	22	32	0	43
25	29	11	56	0	41	0	42	28	37	0	55	0	44	0	47	0	58
0	51	0	47	0	53	0	41	0	46	26	24	0	55	0	46	0	54
0	47	0	46	0	57	25	18	0	56	0	50	0	46	0	47	0	45
13	50	7	38	0	47	0	44	0	57	0	58	0	60	0	61	0	66
0	55	0	54	0	50	0	52	0	54	24	37	0	54	0	45	0	40
0	59	0	45	0	48	0	56	0	52	0	52	0	42	15	24	0	54
0	38	0	41	0	40	0	37	17	27	0	56	0	55	0	44	0	47
0	59	0	52	0	43	0	56	0	48	31	28	0	43	0	50	0	47
0	53	0	51	0	46	11	39	0	38	0	50	0	42	0	55	0	49
11	47	3	44	0	52	0	43	0	52	0	37	0	59	0	59	0	49
0	56	0	47	0	39	0	43	0	54	0	47	0	52	29	18	0	56
0	39	0	55	0	50	11	51	0	58	0	56	0	49	0	41	0	44
0	56	0	49	0	43	10	43	0	56	0	43	0	44	0	50	0	47
0	48	0	44	0	42	0	50	0	51	21	15	0	64	0	49	0	58
0	37	0	50	0	43	0	45	0	45	30	21	0	44	0	48	0	51
0	56	0	41	0	48	0	50	0	51	29	24	0	51	0	55	0	43
11	33	4	42	0	42	0	48	0	46	0	43	0	51	0	42	0	64
0	45	0	42	0	40	0	59	0	58	26	22	0	54	0	39	0	53
0	46	0	61	0	37	0	41	29	26	0	54	0	46	0	50	0	53
0	48	0	53	11	36	0	60	0	45	0	39	0	51	0	61	0	53
0	54	0	55	0	52	0	44	0	39	0	37	0	50	14	34	0	52
0	66	0	61	0	36	0	49	0	54	5	46	0	46	0	59	0	62
11	41	3	41	0	51	0	60	0	48	0	56	0	72	0	52	0	42
11	38	4	39	0	49	0	49	0	64	0	41	0	52	0	47	0	53
0	53	0	48	0	56	0	49	0	49	0	57	0	55	12	41	0	51
