PSec1:alt	PSec1:ref	PSec2:alt	PSec2:ref	M5:alt	M5:ref	M4:alt	M4:ref	M7:alt	M7:ref	M6:alt	M6:ref	M1:alt	M1:ref	M3:alt	M3:ref	M2:alt	M2:ref	M8:alt	M8:ref
21	21	29	24	25	27	26	20	18	22	23	30	25	25	21	25	21	19	31	26
0	63	0	67	0	48	0	51	0	54	0	53	0	43	0	47	3	66	0	38
24	20	26	27	32	26	23	19	23	21	22	24	8	58	33	27	26	23	27	29
0	35	0	58	0	51	0	45	0	38	0	42	20	41	0	60	0	43	0	39
0	50	0	49	0	49	0	48	0	48	0	45	0	42	0	60	3	29	0	62
0	52	0	64	0	45	0	54	0	41	0	35	0	59	0	45	4	47	0	55
0	58	0	42	0	41	0	46	0	36	0	39	17	33	0	42	0	73	0	50
0	55	0	60	0	52	0	48	0	46	0	64	0	46	0	49	4	46	0	62
0	47	0	42	0	42	0	46	0	53	0	55	18	35	0	43	0	55	0	45
0	35	0	50	0	57	0	45	0	50	0	54	0	53	0	48	8	39	0	47
0	52	0	47	0	43	0	50	0	54	0	34	0	57	0	43	3	56	0	47
24	12	18	26	31	20	28	44	28	23	26	24	10	43	36	26	17	31	23	25
0	40	0	45	0	34	0	42	0	45	0	46	19	35	0	46	0	50	0	47
0	47	0	62	0	49	0	57	0	61	0	58	15	42	0	46	0	53	0	62
18	17	16	25	22	17	26	27	27	23	25	23	9	42	21	24	9	25	33	29
0	53	0	39	0	59	0	52	0	50	0	48	0	43	0	42	6	43	0	45
0	53	0	49	24	29	21	29	23	21	28	22	8	51	0	46	0	59	0	32
0	63	0	45	0	34	0	47	0	62	0	56	0	40	27	23	0	46	0	45
19	30	11	38	0	53	0	57	0	39	0	41	0	37	0	68	0	49	0	69
0	38	0	43	29	26	28	28	24	34	24	22	14	34	0	47	0	42	0	43
0	55	0	43	22	21	27	23	24	18	26	25	10	35	0	40	0	61	0	50
7	45	3	58	0	55	0	59	0	50	0	46	0	60	0	56	0	47	0	52
0	42	0	45	0	54	0	47	0	70	0	61	0	42	0	62	30	26	0	45
0	48	0	63	0	62	0	41	0	59	0	43	0	57	0	52	4	46	0	49
14	39	16	30	0	40	0	49	0	53	0	51	0	57	0	57	0	59	0	69
9	34	1	55	0	57	0	53	0	34	0	44	0	48	0	53	0	54	0	54
0	41	0	51	0	61	11	45	26	27	0	41	0	54	0	53	0	49	0	50
0	42	0	43	0	48	18	32	0	40	0	60	0	44	0	47	0	54	0	54
0	50	0	60	0	62	0	63	3	52	0	44	13	55	0	42	0	38	0	55
0	46	0	52	0	66	15	39	0	51	0	56	0	46	0	44	0	48	0	50
0	54	0	54	0	41	0	50	0	35	0	53	12	44	0	46	0	44	0	42
11	35	15	28	0	54	0	54	0	55	0	55	0	63	0	52	0	53	0	64
0	53	0	54	0	59	0	60	0	57	18	22	0	35	0	56	0	60	0	52
0	49	0	54	0	40	0	51	0	55	0	49	0	53	0	49	19	29	0	52
15	27	12	28	0	61	0	43	0	45	0	40	0	52	0	51	0	53	0	45
0	44	0	59	0	44	0	37	0	48	0	54	14	29	0	62	0	46	0	40
0	54	0	63	0	53	0	43	0	61	0	59	0	44	0	50	4	41	0	49
0	51	0	53	0	59	10	32	0	50	0	46	0	53	0	51	0	48	0	61
0	45	0	55	0	63	0	46	0	50	26	18	0	43	0	42	0	50	0	37
0	44	0	63	0	54	18	39	0	68	0	47	0	45	0	46	0	46	0	50
20	33	14	35	0	60	0	42	0	49	0	45	0	45	0	50	0	49	0	47
15	24	18	36	0	57	0	48	0	40	0	46	0	52	0	54	0	63	0	47
0	53	0	55	0	62	0	48	0	53	21	22	0	42	0	53	0	58	0	53
8	34	7	50	0	46	0	59	0	57	0	43	0	44	0	53	0	65	0	47
16	38	3	56	0	49	0	43	0	48	0	52	0	53	0	59	0	29	0	52
0	38	0	61	0	59	0	59	4	49	0	67	0	49	0	49	0	50	0	45
0	61	0	57	0	45	0	54	0	45	0	52	0	47	8	51	0	51	0	56
0	53	0	42	24	23	0	47	0	42	0	34	0	52	0	42	0	52	0	39
0	55	0	55	0	74	0	43	0	56	0	49	0	49	0	39	0	44	25	23
0	37	0	56	0	33	0	46	1	46	0	60	0	46	0	57	0	49	0	44
0	49	0	43	0	51	0	54	0	54	26	16	0	45	0	58	0	52	0	50
0	57	0	58	0	67	0	40	15	32	0	55	0	56	0	58	0	66	0	63
0	49	0	44	26	21	0	55	0	43	0	56	0	65	0	43	0	53	0	56
0	48	0	50	0	47	0	46	0	50	18	37	0	48	0	42	0	62	0	37
0	55	0	45	0	53	0	47	0	41	0	66	0	49	0	56	0	59	21	26
12	33	10	45	0	57	0	56	0	52	0	41	0	49	0	63	0	63	0	47
0	58	0	51	0	33	16	21	0	48	0	51	0	48	0	48	0	45	0	44
0	53	0	63	0	45	0	32	3	58	0	66	0	49	0	53	0	60	0	44
0	49	0	44	0	35	0	35	0	48	0	59	0	59	0	51	0	48	18	36
0	47	0	41	0	61	0	38	0	50	0	35	0	46	0	50	0	44	12	22
0	43	0	45	6	46	0	52	0	47	0	43	0	48	0	37	0	49	0	54
0	55	0	55	5	42	0	62	0	55	0	52	0	47	0	50	0	63	0	47
0	27	0	52	3	47	0	47	0	63	0	60	0	61	0	57	0	44	0	61
0	63	0	47	0	53	0	57	9	36	0	54	0	44	0	56	0	61	0	51
0	46	0	64	3	39	0	36	0	58	0	53	0	41	0	53	0	53	0	57
