PSec1:alt	PSec1:ref	PSec2:alt	PSec2:ref	M5:alt	M5:ref	M4:alt	M4:ref	M7:alt	M7:ref	M6:alt	M6:ref	M1:alt	M1:ref	M3:alt	M3:ref	M2:alt	M2:ref
18	23	23	27	14	23	24	28	24	32	20	32	27	36	27	16	20	21
30	23	26	34	27	14	21	23	18	25	16	34	27	19	28	21	30	23
0	52	0	52	0	49	2	43	0	60	0	53	0	50	26	24	0	45
0	42	0	51	0	48	0	54	0	39	0	45	21	33	0	66	0	42
0	58	0	54	0	46	4	62	0	49	0	43	0	43	27	16	0	49
0	57	0	49	0	62	0	41	0	43	0	41	0	54	0	58	25	24
0	43	0	49	0	42	7	42	0	57	0	52	0	52	30	26	0	52
0	64	0	43	0	61	0	54	0	45	0	53	0	51	0	50	22	25
0	58	0	50	0	46	0	46	0	55	0	46	21	36	0	47	0	52
16	24	21	23	29	23	22	31	23	20	22	27	0	52	0	59	0	44
0	47	0	48	0	65	0	53	0	44	0	52	24	20	0	61	0	42
26	28	34	22	20	23	21	27	22	24	22	32	0	59	0	52	0	45
16	21	29	25	23	22	26	38	17	31	28	28	0	47	0	43	0	40
0	50	0	50	0	56	0	43	0	51	0	51	0	40	0	52	28	27
0	63	0	58	0	77	0	49	0	41	0	48	21	26	0	45	0	56
22	25	33	25	23	25	23	36	19	29	21	27	0	45	0	45	0	59
25	23	28	18	17	37	21	25	22	23	19	21	0	59	0	47	0	63
0	37	0	48	0	60	0	51	0	55	0	53	12	36	0	53	0	45
28	21	23	23	29	32	24	33	27	21	24	32	0	62	0	42	0	49
0	41	0	38	0	45	0	60	0	48	0	38	0	53	0	57	26	29
0	50	0	41	0	38	0	50	0	45	0	51	0	57	0	48	26	16
27	19	26	19	26	26	26	19	28	29	21	25	0	44	0	47	0	45
29	21	34	28	32	23	16	37	33	25	30	23	0	41	0	51	0	33
0	56	0	45	0	60	0	58	0	48	0	47	0	46	0	51	22	31
23	23	23	22	28	19	22	27	25	27	32	25	0	49	0	48	0	57
0	57	0	52	0	42	8	49	0	52	0	49	0	54	13	32	0	56
0	48	0	44	0	56	0	46	0	62	0	54	11	26	0	56	0	58
0	56	0	51	0	51	0	40	0	53	0	42	20	29	0	45	0	55
0	45	0	43	0	48	0	46	0	50	0	68	0	48	5	49	0	52
0	64	0	58	0	42	0	48	0	49	0	40	18	39	0	32	0	49
0	50	0	55	0	50	0	59	0	67	0	61	0	44	1	50	0	43
23	24	24	26	38	42	19	32	29	29	26	25	0	48	0	54	0	59
28	30	20	19	26	22	9	22	23	24	30	32	0	40	0	57	0	51
0	57	0	56	0	53	0	45	0	48	0	45	19	36	0	48	0	55
0	61	0	43	0	45	0	46	0	68	0	47	25	40	0	48	0	43
0	53	0	56	0	46	6	39	0	47	0	59	0	43	0	43	0	49
0	50	0	61	0	50	0	38	0	48	0	49	0	49	0	44	4	51
0	51	0	42	0	47	0	48	0	57	0	47	0	46	0	44	3	54
0	53	0	49	0	42	0	52	0	47	0	41	16	37	0	51	0	51
10	31	0	41	0	47	0	51	18	23	0	59	0	56	0	63	0	39
0	55	0	53	0	41	1	37	0	40	0	46	0	52	0	46	0	41
0	49	0	46	0	54	0	40	0	50	27	20	0	50	0	48	0	54
0	40	0	58	0	55	0	51	0	48	0	49	23	28	0	44	0	42
0	43	0	39	28	29	17	25	0	56	0	37	0	56	0	51	0	57
4	57	0	40	0	50	0	63	23	27	0	62	0	51	0	46	0	39
0	56	0	54	0	49	0	33	0	38	0	44	20	35	0	52	0	51
0	43	0	53	0	54	21	31	0	46	0	55	0	44	0	51	0	50
0	69	0	53	0	53	4	42	0	43	0	47	0	36	0	37	0	47
0	51	0	47	0	45	25	31	0	54	0	52	0	51	0	48	0	43
0	44	0	58	4	48	0	54	0	51	0	50	0	49	0	50	0	46
0	46	0	53	0	47	22	43	0	43	0	56	0	42	0	56	0	46
18	30	17	36	0	58	0	47	0	56	0	55	0	47	0	58	0	61
0	62	0	42	0	45	15	24	0	52	0	49	0	54	0	41	0	52
0	49	0	47	0	54	5	38	0	53	0	57	0	50	0	44	0	62
13	37	29	22	0	51	0	57	0	61	0	46	0	53	0	45	0	57
0	45	0	59	16	31	0	55	0	37	0	54	0	47	0	47	0	40
5	47	0	48	0	50	0	46	25	27	0	57	0	52	0	46	0	57
0	45	0	43	8	51	0	46	0	41	0	47	0	53	0	59	0	53
0	52	0	39	0	46	0	47	0	47	3	47	0	54	0	48	0	53
15	37	33	39	0	47	0	51	0	52	0	54	0	45	0	44	0	47
0	65	0	47	0	56	23	28	0	68	0	43	0	37	0	52	0	39
0	57	0	42	0	45	8	40	0	48	0	52	0	54	0	41	0	54
0	41	0	62	0	39	0	50	0	38	6	50	0	37	0	39	0	42
0	55	0	55	0	45	0	58	0	49	13	49	0	63	0	56	0	39
0	55	0	45	0	56	0	55	23	23	0	57	0	44	0	46	0	56
19	30	22	24	0	46	0	46	0	37	0	40	0	51	0	55	0	51
18	39	0	45	0	47	0	54	0	38	0	43	0	53	0	46	0	65
