PSec1:alt	PSec1:ref	PSec2:alt	PSec2:ref	M5:alt	M5:ref	M4:alt	M4:ref	M7:alt	M7:ref	M6:alt	M6:ref	M1:alt	M1:ref	M3:alt	M3:ref	M2:alt	M2:ref
25	22	22	26	17	21	14	27	25	26	28	20	19	33	25	21	22	24
15	29	24	28	0	54	0	61	0	41	0	38	0	50	0	48	5	49
0	59	0	44	0	55	0	59	0	59	8	45	0	40	0	54	0	56
0	55	0	51	0	51	0	44	0	51	0	59	0	45	0	66	9	50
12	33	22	22	0	44	0	47	0	46	0	42	0	49	0	42	0	40
0	47	0	51	23	36	20	22	22	15	13	51	27	32	27	22	0	44
0	48	0	55	0	59	0	44	0	42	0	50	0	61	0	44	20	36
18	35	13	24	0	45	0	57	0	45	0	50	0	51	0	47	0	64
0	63	0	56	28	26	33	21	27	18	7	32	23	35	19	24	0	49
0	50	0	45	0	51	0	44	0	46	0	54	0	50	0	60	19	33
0	42	0	49	0	46	0	36	0	51	0	52	0	54	0	46	17	35
0	47	0	57	0	51	0	53	0	50	0	49	0	55	0	56	6	36
0	49	0	46	0	54	0	52	0	50	14	42	0	41	0	41	0	52
20	30	21	21	0	55	0	45	0	43	0	48	0	51	0	30	0	47
17	33	20	26	0	53	0	58	0	59	0	44	0	61	0	45	0	49
0	50	0	50	30	22	0	50	28	29	0	68	25	30	0	55	0	33
0	48	0	50	0	42	0	47	0	45	9	41	0	54	0	42	0	57
13	42	29	21	0	40	0	45	0	60	0	42	0	47	0	44	0	60
0	41	0	47	0	56	0	62	0	50	0	53	0	55	0	46	8	44
0	48	0	57	24	31	0	48	26	20	0	49	19	26	0	52	0	54
0	57	0	55	0	40	0	45	0	45	0	51	0	48	0	55	5	40
0	64	0	47	0	55	0	32	0	47	0	54	0	58	0	43	17	45
0	46	0	59	0	47	0	41	0	51	8	35	0	46	0	50	0	61
0	53	0	49	0	51	0	41	30	25	0	56	27	20	0	47	0	51
0	45	0	50	0	57	0	54	0	49	0	42	0	56	0	39	4	66
0	64	0	43	24	21	0	65	0	51	0	48	0	38	0	54	0	40
0	39	0	48	0	50	0	51	0	58	5	35	0	50	0	40	0	40
0	53	0	40	0	58	0	46	0	62	15	48	0	49	0	45	0	48
0	55	0	49	0	52	0	40	31	29	0	57	18	28	0	45	0	51
0	52	0	44	0	54	0	61	0	46	10	36	0	60	17	23	0	46
0	49	0	56	38	28	0	50	0	45	0	40	0	50	0	48	0	47
0	50	0	46	28	27	0	39	0	47	0	52	0	50	0	43	0	48
0	46	0	61	0	52	0	40	0	37	0	45	0	40	17	36	0	49
0	57	0	48	28	19	0	58	0	43	0	51	0	49	0	51	0	51
0	52	0	64	0	54	0	48	0	45	11	51	0	50	0	53	0	50
0	34	0	49	0	43	0	42	22	24	0	53	22	44	0	43	0	58
16	40	26	20	0	59	0	53	0	44	0	58	0	51	0	54	0	50
0	48	0	53	0	75	0	53	0	57	0	36	0	49	11	33	0	48
31	41	14	31	0	70	0	49	0	52	0	55	0	49	0	43	0	53
0	59	0	56	0	55	0	45	0	64	14	36	0	47	0	48	0	41
0	54	0	45	0	54	0	60	21	23	0	55	13	19	0	56	0	60
0	46	0	57	0	53	0	48	0	57	14	32	0	40	0	47	0	44
0	57	0	42	0	53	19	35	0	55	0	39	0	37	0	38	0	46
0	48	0	40	26	29	0	58	0	48	0	51	0	47	0	47	0	35
0	51	0	56	23	31	0	59	0	36	0	38	0	53	0	43	0	54
0	52	0	50	0	61	8	51	0	61	0	35	0	57	0	49	0	53
0	38	0	44	0	48	0	46	0	40	11	32	0	51	0	54	0	49
16	31	22	35	0	53	0	45	0	43	0	58	0	50	0	54	0	58
0	50	12	43	0	42	0	51	0	54	0	48	0	47	0	46	0	55
4	64	2	51	0	56	0	51	0	56	0	36	0	45	0	61	0	51
0	54	0	54	7	40	0	47	0	44	0	54	0	59	0	48	0	51
0	53	0	46	8	30	0	52	0	43	0	47	0	47	0	45	0	47
0	49	0	55	4	48	0	38	0	62	0	53	0	54	0	45	0	49
0	43	0	43	0	43	0	52	23	16	0	47	0	57	0	47	0	51
0	60	0	39	0	50	0	51	0	42	15	28	0	46	0	64	0	51
0	56	0	56	0	46	0	50	0	51	18	33	0	59	0	55	0	51
0	54	0	38	0	41	0	45	3	32	0	60	0	41	0	51	0	47
0	56	0	48	0	58	0	52	2	52	0	58	0	47	0	38	0	46
