PSec1:alt	PSec1:ref	PSec2:alt	PSec2:ref	M5:alt	M5:ref	M4:alt	M4:ref	M7:alt	M7:ref	M6:alt	M6:ref	M1:alt	M1:ref	M3:alt	M3:ref	M2:alt	M2:ref	M8:alt	M8:ref
21	24	20	25	21	27	28	23	17	25	44	29	28	27	26	27	33	29	24	29
0	57	0	56	0	48	0	49	0	48	0	41	0	64	0	59	22	25	0	45
27	28	19	38	31	22	21	31	33	29	0	35	0	51	0	53	0	55	14	32
0	43	0	49	0	42	0	47	0	56	27	36	26	24	0	45	0	54	0	49
0	52	0	55	0	48	0	50	0	55	0	41	0	49	0	59	18	30	0	37
0	41	0	39	0	58	0	47	0	47	0	53	0	44	9	21	0	47	0	38
0	53	0	40	0	42	0	50	0	59	0	55	0	38	24	22	0	44	0	40
0	68	0	55	0	54	0	48	0	49	31	22	33	20	0	55	0	45	0	57
0	46	0	53	0	50	0	59	0	34	0	52	0	49	21	21	0	48	0	45
29	31	8	30	30	24	17	25	19	23	0	55	0	42	0	45	0	53	23	18
0	34	0	70	0	46	0	53	0	40	33	35	27	20	0	68	0	48	0	53
0	53	0	67	0	56	0	50	0	38	0	58	0	51	18	30	0	45	0	55
0	35	0	60	0	54	0	49	0	54	0	55	0	53	19	25	0	53	0	64
0	51	0	53	0	63	0	38	0	39	0	53	0	44	0	54	26	19	0	63
0	46	0	48	0	45	0	52	0	49	0	56	0	40	0	41	26	13	0	54
0	65	0	35	0	49	0	44	0	47	0	55	20	21	0	53	0	53	0	57
0	36	0	41	0	59	0	41	0	49	0	53	0	45	25	17	0	59	0	54
20	21	22	34	20	23	22	29	24	20	0	50	0	57	0	45	0	46	21	21
0	41	0	46	0	41	0	55	0	60	21	29	0	43	0	46	0	59	0	45
0	54	0	44	0	46	0	55	0	47	0	42	0	37	23	23	0	48	0	50
0	42	0	49	0	59	0	40	0	50	0	58	0	52	0	37	9	36	0	54
24	33	15	22	29	32	0	41	23	28	0	55	0	47	0	40	0	50	34	34
0	48	0	53	0	36	19	36	0	47	0	52	0	58	0	45	0	59	0	39
0	44	0	59	0	46	0	41	0	51	27	18	0	47	0	63	0	49	0	60
0	66	0	36	0	68	0	63	0	58	31	19	0	44	0	53	0	64	0	64
24	17	11	36	0	48	0	48	22	30	0	51	0	53	0	42	0	55	24	19
28	21	13	43	0	52	0	48	25	18	0	47	0	51	0	39	0	45	10	27
0	44	0	47	0	51	0	53	0	54	0	58	0	37	26	34	0	68	0	53
0	47	0	38	26	26	0	53	0	41	0	52	0	55	0	50	0	59	0	51
22	25	19	32	0	42	0	65	33	25	0	48	0	42	0	48	0	45	28	24
0	56	0	36	0	43	0	58	0	54	0	48	0	30	33	22	0	47	0	39
0	42	0	41	0	58	19	21	0	44	0	50	0	47	0	53	0	48	0	60
0	41	0	47	0	45	36	25	0	65	0	59	0	54	0	44	0	51	0	63
0	56	0	41	14	24	0	54	0	45	0	51	0	50	0	47	0	48	0	55
0	35	0	45	27	20	0	42	0	55	0	54	0	55	0	52	0	40	0	34
27	20	14	33	0	55	0	43	22	23	0	44	0	57	0	55	0	44	30	27
0	54	0	48	0	56	26	17	0	53	0	39	0	49	0	46	0	50	0	44
0	52	0	45	0	47	25	23	0	49	0	54	0	47	0	56	0	36	0	41
0	36	0	55	0	46	14	28	0	57	0	51	0	40	0	48	0	54	0	50
30	25	18	29	0	53	0	49	23	26	0	49	0	54	0	48	0	53	17	32
11	38	0	49	0	49	0	51	0	59	0	48	0	57	0	40	0	50	0	50
13	34	6	51	0	49	0	44	0	38	0	57	0	45	0	57	0	50	0	41
0	49	0	46	20	29	0	56	0	56	0	50	0	48	0	60	0	69	0	46
0	44	0	42	0	43	28	27	0	63	0	49	0	49	0	51	0	37	0	46
0	46	0	53	0	48	0	49	0	34	0	50	0	54	4	50	0	46	0	47
0	58	0	50	0	38	0	45	0	41	0	50	0	39	12	44	0	41	0	53
0	42	0	61	0	52	0	58	0	47	0	53	0	50	10	36	0	47	0	57
11	36	5	43	0	47	0	53	0	61	0	61	0	50	0	66	0	53	0	50
0	47	0	45	0	62	15	43	0	51	0	39	0	46	0	38	0	48	0	45
0	56	0	56	0	44	0	55	0	45	5	35	0	36	0	48	0	57	0	54
0	39	0	50	0	34	5	47	0	45	0	40	0	63	0	39	0	60	0	57
0	63	0	46	10	36	0	50	0	52	0	46	0	44	0	45	0	66	0	43
0	45	0	52	0	48	3	35	0	48	0	47	0	49	0	53	0	54	0	56
0	51	0	54	0	50	0	48	0	44	3	44	0	50	0	41	0	63	0	58
13	33	4	55	0	47	0	61	0	49	0	48	0	40	0	47	0	43	0	58
0	53	0	60	0	50	8	46	0	42	0	55	0	62	0	54	0	50	0	40
0	52	0	49	0	49	0	53	0	58	0	47	0	46	0	57	0	52	0	53
0	68	0	51	0	41	0	44	0	56	0	53	0	42	0	53	0	61	24	24
0	51	0	44	0	61	0	53	0	42	2	41	0	49	0	46	0	50	0	51
0	51	0	62	0	47	0	50	0	54	11	38	0	45	0	62	0	58	0	66
0	52	0	61	0	45	0	55	0	56	0	51	0	54	0	56	0	45	2	57
