PSec1:alt	PSec1:ref	PSec2:alt	PSec2:ref	M5:alt	M5:ref	M4:alt	M4:ref	M7:alt	M7:ref	M6:alt	M6:ref	M1:alt	M1:ref	M3:alt	M3:ref	M2:alt	M2:ref
24	21	21	16	28	24	33	20	28	13	26	23	16	26	23	38	28	17
4	52	0	55	0	52	0	49	0	56	0	51	0	52	0	43	0	46
17	35	20	41	25	16	31	26	31	19	0	36	23	13	24	25	17	27
0	58	0	53	0	50	0	51	0	55	0	55	0	50	31	27	0	30
0	35	0	46	0	39	26	27	0	62	0	58	30	21	0	49	20	28
0	34	0	51	0	48	0	37	0	56	27	23	0	60	0	49	0	53
0	45	0	43	0	52	0	34	0	39	0	42	0	37	20	23	0	47
0	51	0	49	0	50	24	23	0	55	0	41	24	26	0	59	28	21
0	59	0	62	0	40	27	21	0	57	0	40	21	29	0	43	20	26
21	34	22	24	24	20	0	41	26	28	0	39	0	52	0	52	0	43
0	42	0	49	0	46	0	54	0	48	0	46	0	48	29	24	0	53
0	45	0	59	0	38	36	37	0	53	0	41	30	21	0	43	33	30
0	59	0	59	0	60	16	31	0	54	0	47	25	27	0	44	23	23
0	49	0	55	0	47	0	56	0	57	27	29	0	53	0	57	0	53
0	56	0	47	0	45	0	47	0	43	24	25	0	63	0	51	0	39
21	25	21	39	36	17	0	47	36	16	0	54	0	45	0	45	0	48
17	32	18	25	26	33	0	53	30	24	0	51	0	57	0	52	0	59
0	50	0	46	0	54	20	23	0	59	0	60	28	35	0	40	23	25
0	46	0	57	0	47	30	33	0	43	0	45	19	18	0	50	27	27
0	50	0	45	0	51	0	51	0	49	0	45	10	40	0	58	29	22
0	51	0	66	0	46	25	29	0	52	0	47	0	53	0	57	0	55
0	67	0	47	0	53	33	13	0	41	0	45	0	56	0	47	0	51
0	56	0	44	0	52	22	35	0	59	0	43	0	46	0	53	0	46
0	55	0	55	0	60	0	49	0	52	0	47	0	65	23	25	0	37
16	22	25	15	21	34	0	53	23	27	0	44	0	52	0	45	0	49
0	54	0	50	0	45	0	56	0	63	31	21	0	51	0	56	0	58
0	53	0	37	0	56	0	48	0	49	0	66	0	52	0	43	29	27
0	38	0	42	0	52	0	53	0	50	0	56	0	46	0	49	33	33
0	52	0	59	0	51	0	50	0	47	0	45	0	78	17	27	0	55
0	47	0	52	0	53	0	46	0	44	0	45	0	49	33	24	0	48
21	33	22	27	28	28	0	50	19	15	0	51	0	50	0	66	0	53
0	41	0	46	0	52	30	21	0	48	0	53	0	58	0	56	0	48
0	43	0	54	0	44	0	40	0	60	25	23	0	48	0	40	0	57
0	39	0	36	0	44	0	51	0	46	0	51	0	48	0	51	10	47
0	45	0	50	0	52	25	18	0	58	0	57	0	60	0	50	0	45
0	52	0	60	0	52	21	19	0	41	0	55	0	52	0	52	0	58
19	35	15	21	24	29	0	45	30	18	0	44	0	44	0	48	0	44
0	57	0	47	0	42	27	22	0	46	0	49	0	50	0	52	0	46
0	46	0	50	0	55	0	53	0	41	21	28	0	56	0	57	0	41
0	47	4	46	0	45	0	44	0	56	0	54	0	51	0	55	0	44
0	56	8	35	0	43	0	50	0	40	0	56	0	42	0	67	0	34
0	52	0	38	0	50	0	58	23	22	0	45	0	50	0	57	0	42
0	48	0	57	0	52	0	53	0	59	25	28	0	35	0	38	0	55
0	56	0	50	0	58	0	40	22	26	0	57	0	42	0	53	0	56
0	50	0	46	0	48	26	32	0	42	0	55	0	61	0	48	0	42
0	42	0	46	25	26	0	47	0	54	0	60	0	56	0	58	0	50
23	35	9	47	0	42	0	57	0	50	0	52	0	52	0	49	0	62
0	56	0	52	0	49	28	27	0	58	0	45	0	50	0	47	0	43
18	33	9	55	0	55	0	34	0	43	0	55	0	45	0	53	0	44
0	53	0	53	0	44	0	52	0	59	19	23	0	42	0	53	0	47
0	49	0	50	25	40	0	45	0	52	0	50	0	42	0	60	0	49
0	61	0	40	0	45	5	54	0	48	0	52	0	49	0	75	0	56
0	52	0	59	0	44	0	51	30	20	0	47	0	41	0	51	0	33
0	56	0	55	0	45	0	55	0	56	31	23	0	51	0	53	0	57
20	36	10	38	0	45	0	51	0	39	0	50	0	62	0	69	0	56
19	29	0	47	0	61	0	38	0	49	0	44	0	45	0	50	0	55
0	50	0	42	0	52	0	42	0	46	10	33	0	48	0	37	0	52
0	54	0	50	0	54	0	55	0	54	7	37	0	63	0	53	0	55
0	50	0	47	0	57	0	50	0	55	3	39	0	54	0	47	0	42
0	48	0	49	0	48	0	49	0	39	4	46	0	48	0	54	0	52
