PSec1:alt	PSec1:ref	PSec2:alt	PSec2:ref	M5:alt	M5:ref	M4:alt	M4:ref	M7:alt	M7:ref	M6:alt	M6:ref	M1:alt	M1:ref	M3:alt	M3:ref	M2:alt	M2:ref
30	26	20	20	27	26	27	27	26	26	22	25	24	19	23	24	24	20
17	26	17	31	33	27	17	19	27	36	23	30	24	24	29	25	28	30
11	35	17	27	28	31	23	22	20	22	29	18	25	26	21	30	24	27
19	46	12	37	29	34	26	30	22	22	16	24	21	19	26	24	18	38
21	32	23	25	24	29	25	18	17	26	25	25	28	19	30	27	31	24
20	36	18	28	21	19	33	27	37	28	28	32	22	25	21	25	35	25
19	29	22	37	25	20	20	24	19	25	26	25	28	16	32	19	30	23
0	58	0	47	20	25	0	45	12	53	0	47	11	45	0	43	0	51
0	57	0	44	0	55	0	52	12	36	0	52	0	50	0	47	0	52
0	49	0	55	0	55	0	61	9	34	0	55	0	57	0	39	0	43
0	41	0	52	2	52	0	36	0	48	0	42	16	36	0	48	0	59
0	45	0	47	1	44	0	55	0	37	0	55	10	36	0	50	0	62
5	49	0	47	0	51	0	43	0	56	0	30	0	49	0	51	0	54
0	48	0	57	0	53	32	27	0	43	0	52	0	63	0	51	0	43
0	53	0	55	6	40	0	57	0	45	0	63	17	42	0	45	0	51
0	42	0	52	19	31	0	44	0	49	0	60	14	35	0	50	0	48
0	46	0	57	0	52	0	59	0	66	0	46	0	53	18	16	0	57
0	59	0	42	0	46	0	45	0	63	0	48	0	50	23	17	0	43
0	61	0	44	16	36	0	42	0	56	0	53	9	37	0	54	0	55
0	50	0	64	0	52	0	40	0	49	0	47	0	56	29	18	0	52
0	36	0	54	0	46	29	34	0	53	0	47	0	70	0	56	0	50
0	39	0	59	0	53	0	49	0	58	0	55	0	43	27	26	0	50
0	65	0	38	0	52	0	68	0	60	18	24	0	35	0	50	23	29
0	51	0	48	0	41	22	25	0	63	0	53	0	55	0	53	0	41
0	63	0	55	18	24	0	55	0	59	0	53	0	60	0	59	0	45
0	57	0	52	0	54	0	39	0	44	0	49	0	44	0	49	4	43
0	47	0	37	7	39	0	56	0	49	0	54	0	61	0	38	0	49
0	51	0	39	0	51	0	46	0	39	0	41	5	57	0	49	0	54
0	58	0	55	0	65	0	58	0	45	6	51	0	49	0	50	4	33
5	38	0	55	0	44	0	46	0	47	0	58	0	50	0	40	0	55
0	50	0	50	0	48	0	64	0	45	0	50	0	50	12	38	0	56
0	55	0	57	0	53	0	60	0	56	0	55	0	50	7	39	0	47
0	38	0	53	0	49	0	39	0	47	0	55	0	42	0	47	5	39
11	40	0	63	0	65	0	38	0	48	0	51	0	50	0	42	0	46
0	54	0	46	0	60	0	36	0	48	0	54	3	46	0	48	0	45
0	49	0	55	0	61	31	15	0	55	0	44	0	41	0	50	0	46
0	36	0	48	0	54	0	50	0	48	0	50	5	44	0	44	0	57
0	59	0	62	22	30	0	55	0	42	0	51	0	41	0	52	0	50
0	56	0	37	0	56	0	61	0	57	0	50	6	49	0	56	0	56
0	55	0	41	0	49	0	45	0	51	0	44	5	50	0	63	0	46
0	47	0	54	19	31	0	55	0	49	0	60	0	49	0	43	0	56
0	46	4	47	0	55	0	43	17	27	0	56	0	45	0	59	0	42
3	45	0	56	0	38	0	54	0	56	0	44	0	55	0	49	0	38
0	64	0	50	0	51	23	29	0	59	0	46	0	49	0	61	0	48
0	47	0	52	0	59	0	46	0	41	0	46	6	52	0	63	0	46
6	47	0	50	0	55	0	60	0	55	0	46	0	54	0	69	0	46
0	54	0	59	0	54	0	59	13	41	0	53	0	47	0	49	0	51
0	40	0	45	0	50	0	51	0	57	0	44	8	30	0	66	0	59
0	50	0	57	0	50	0	48	0	48	11	33	0	57	0	54	0	40
0	59	0	53	0	51	0	53	10	35	0	44	0	45	0	49	0	51
0	45	0	48	0	55	24	34	0	51	0	55	0	47	0	39	0	51
0	54	0	51	0	54	0	47	18	43	0	56	0	62	0	53	0	41
10	41	0	49	0	42	0	57	0	51	0	52	0	43	0	60	0	49
0	52	0	48	7	53	0	53	0	50	0	40	0	43	0	54	0	50
0	50	0	40	25	40	0	62	0	44	0	49	0	46	0	47	0	53
0	43	0	61	0	36	0	50	13	41	0	53	0	56	0	50	0	46
9	42	0	39	0	60	0	63	0	52	0	53	0	51	0	42	0	43
0	47	0	60	0	45	0	51	12	45	0	57	0	53	0	59	0	57
0	48	0	48	23	40	0	65	0	56	0	43	0	47	0	39	0	37
0	55	0	59	0	54	0	58	0	45	0	46	4	51	0	50	0	54
8	34	0	64	0	53	0	51	0	51	0	49	0	49	0	37	0	52
12	43	0	54	0	51	0	37	0	44	0	46	0	48	0	65	0	50
0	42	0	48	0	39	29	27	0	65	0	49	0	53	0	44	0	67
0	51	0	44	0	50	0	28	14	35	0	67	0	61	0	59	0	47
