PSec1:alt	PSec1:ref	PSec2:alt	PSec2:ref	M5:alt	M5:ref	M4:alt	M4:ref	M7:alt	M7:ref	M6:alt	M6:ref	M1:alt	M1:ref	M3:alt	M3:ref	M2:alt	M2:ref	M9:alt	M9:ref	M8:alt	M8:ref
17	19	26	25	25	24	29	21	27	27	25	31	26	27	24	29	24	27	32	27	18	20
11	42	7	40	0	35	0	53	0	49	0	49	0	52	10	52	0	47	0	55	0	53
3	33	8	45	0	39	0	55	0	62	0	58	0	57	0	57	18	41	0	43	20	28
9	33	2	40	0	66	0	51	0	50	0	50	0	46	5	50	0	37	0	47	0	54
8	30	0	46	40	22	23	26	24	22	25	25	22	31	24	40	14	41	22	30	0	59
0	49	0	59	0	43	0	51	0	41	0	44	0	51	0	49	20	36	0	58	23	15
0	43	0	51	0	47	0	65	0	41	21	20	27	26	0	47	0	50	0	48	0	51
0	50	0	61	0	49	0	59	0	53	18	21	22	25	0	58	0	63	0	52	0	58
0	52	0	48	0	41	0	47	0	56	0	60	0	54	0	68	15	35	0	46	30	21
0	56	0	69	0	58	0	56	0	49	22	30	30	20	0	44	0	55	0	55	0	58
13	49	0	55	24	27	19	29	19	24	0	62	0	46	23	33	5	39	30	24	0	45
10	43	0	44	12	26	0	47	30	24	0	50	0	48	17	23	9	46	20	28	0	53
0	39	0	63	0	51	0	66	0	39	0	57	0	55	0	54	16	38	0	47	25	35
5	35	0	54	20	23	0	43	29	26	0	45	0	40	14	32	9	28	31	18	0	49
0	44	0	41	0	42	0	43	0	47	0	65	0	34	0	62	12	33	0	44	23	22
0	56	0	59	0	54	0	54	0	60	22	24	23	29	0	52	0	48	0	63	0	55
8	30	3	36	0	62	0	40	0	47	0	59	0	38	5	47	0	49	0	49	0	42
14	31	1	45	0	48	0	53	0	56	0	37	0	56	4	55	0	54	0	45	0	46
0	39	0	54	0	55	19	24	0	55	0	46	0	43	0	51	0	63	0	49	0	44
0	56	0	56	0	54	0	51	0	50	21	22	30	26	0	61	0	50	0	48	0	38
0	61	0	40	0	47	23	29	0	45	0	52	0	45	0	59	0	59	0	43	0	47
0	46	0	55	0	52	0	48	0	47	0	55	28	29	0	49	0	51	0	45	0	53
0	44	0	61	0	47	0	46	0	49	24	18	0	54	0	69	0	42	0	52	0	50
0	51	0	58	0	54	0	53	0	49	23	20	0	48	0	53	0	48	0	41	0	51
10	47	5	54	0	45	0	46	0	33	0	46	0	58	4	37	0	45	0	48	0	47
6	49	0	54	19	21	0	41	24	27	0	38	0	51	15	15	11	32	22	23	0	50
6	34	4	49	0	47	0	56	0	55	0	55	0	53	2	46	0	60	0	42	0	56
0	58	0	43	0	63	0	51	0	61	28	16	0	41	0	42	0	49	0	60	0	63
0	52	0	59	19	30	0	60	0	54	0	44	0	51	0	41	0	38	0	52	0	43
0	39	0	50	0	47	0	56	28	29	0	54	0	47	19	24	0	61	0	45	0	57
0	54	0	54	0	54	0	55	13	27	0	59	0	39	14	31	0	62	0	46	0	55
0	41	0	62	14	26	0	59	0	51	0	54	0	40	0	43	0	45	0	30	0	58
0	41	0	55	0	49	0	46	0	51	0	50	0	41	0	37	19	43	0	44	0	49
0	52	0	45	0	44	0	55	0	58	0	49	0	40	0	51	11	46	0	44	0	52
0	38	0	60	0	37	0	54	0	49	21	27	0	40	0	57	0	45	0	52	0	55
0	51	0	64	0	49	0	56	25	16	0	45	0	52	20	36	0	59	0	63	0	44
0	68	0	57	0	47	0	61	0	60	22	32	0	56	0	60	0	56	0	58	0	62
0	55	0	43	0	57	0	48	23	32	0	56	0	46	13	35	0	44	0	54	0	54
0	38	0	46	0	49	0	42	0	39	0	56	0	58	0	56	11	36	0	53	0	57
0	52	0	51	0	34	34	20	0	56	0	69	0	41	0	42	0	49	0	46	0	45
0	47	0	57	0	53	0	45	16	39	0	50	0	56	15	28	0	53	0	47	0	41
0	46	0	60	0	52	0	47	0	49	0	46	0	56	2	41	0	44	0	57	0	48
0	48	0	62	0	44	0	50	0	52	23	27	0	52	0	43	0	55	0	59	0	55
0	50	0	49	0	49	0	58	0	52	0	42	0	47	0	40	10	38	0	48	0	46
0	56	0	40	0	44	0	39	0	48	0	61	0	54	3	42	0	52	0	57	0	40
0	44	0	62	0	61	0	40	0	55	0	49	0	58	25	31	0	47	0	51	0	58
0	50	0	61	0	46	0	51	0	47	0	43	0	69	0	47	0	54	0	47	15	30
0	40	0	50	0	43	31	36	0	50	0	42	0	46	0	57	0	59	0	62	0	40
0	49	0	40	0	51	0	54	0	54	0	41	0	50	0	53	0	46	28	28	0	52
0	59	0	33	0	48	0	51	0	47	0	54	0	51	0	48	12	49	0	60	0	49
0	46	0	46	0	58	0	52	20	32	0	53	0	54	0	66	0	40	0	41	0	46
0	42	0	48	0	56	5	45	0	48	0	55	0	44	0	52	0	54	0	52	0	56
0	35	0	46	0	58	11	51	0	46	0	54	0	35	0	42	0	53	0	37	0	43
0	50	0	41	0	50	10	46	0	47	0	55	0	56	0	50	0	41	0	49	0	39
0	48	0	48	0	60	0	51	0	54	0	52	0	45	17	35	0	55	0	53	0	50
0	49	0	47	0	46	0	47	0	45	0	38	0	39	23	32	0	52	0	67	0	51
0	53	0	42	0	50	0	67	0	55	0	58	0	58	0	58	5	49	0	46	0	67
0	33	0	41	0	52	0	56	0	45	0	56	0	36	18	42	0	52	0	43	0	41
0	42	0	51	0	53	0	48	0	31	0	48	0	55	0	47	0	50	0	57	22	34
0	52	0	54	0	62	0	41	1	49	0	66	0	49	0	57	0	48	0	59	0	56
0	53	0	56	0	41	0	48	0	41	0	48	0	47	0	53	14	48	0	44	0	48
0	51	0	44	0	44	0	51	0	66	0	47	0	54	0	54	0	51	27	38	0	67
0	56	0	46	0	54	0	43	0	49	0	42	0	56	0	59	12	35	0	57	0	63
0	47	0	52	0	60	0	39	0	54	16	41	0	53	0	38	0	52	0	44	0	56
0	61	0	46	7	54	0	54	0	50	0	52	0	56	0	61	0	60	0	51	0	39
