PSec1:alt	PSec1:ref	PSec2:alt	PSec2:ref	M5:alt	M5:ref	M4:alt	M4:ref	M7:alt	M7:ref	M6:alt	M6:ref	M1:alt	M1:ref	M3:alt	M3:ref	M2:alt	M2:ref
15	23	23	26	26	23	30	24	23	18	19	23	26	22	21	23	30	21
0	57	3	28	0	51	18	31	0	51	0	52	0	45	0	55	0	43
0	57	6	41	0	53	30	25	0	62	0	53	0	49	0	51	0	42
0	49	7	43	0	62	24	24	0	37	0	47	0	41	0	58	0	57
0	46	0	49	0	52	24	32	0	41	0	56	0	56	0	37	0	45
16	36	27	36	31	24	0	43	27	25	0	52	32	22	26	21	22	16
0	54	0	59	0	60	2	46	0	57	0	42	0	44	0	51	0	59
0	43	0	44	0	50	17	36	0	51	0	53	0	45	0	57	0	41
0	63	0	46	0	55	22	26	0	45	0	53	0	45	0	45	0	46
0	52	0	47	0	44	0	44	0	39	29	27	0	64	0	43	0	58
17	31	21	27	20	25	0	43	21	35	0	49	19	21	22	21	25	23
0	43	0	48	0	53	23	32	0	51	0	62	0	61	0	46	0	49
0	58	0	34	0	51	3	42	0	50	0	43	0	44	0	62	0	55
0	54	0	67	0	49	0	48	0	43	0	59	0	54	16	25	0	56
0	51	0	56	0	56	0	41	0	51	0	56	19	23	0	55	0	47
0	54	0	46	23	22	0	52	0	54	0	47	0	59	0	40	0	52
0	46	0	53	0	44	0	49	0	56	0	52	0	60	0	55	21	24
0	56	0	57	0	51	6	41	0	50	0	48	0	72	0	55	0	49
0	48	0	39	0	56	0	45	34	27	0	58	0	45	0	45	0	54
0	36	0	45	0	54	0	42	0	55	0	55	0	47	14	38	0	41
0	43	0	50	0	60	0	57	0	44	0	34	0	41	3	36	0	63
0	43	0	40	0	40	0	53	0	49	22	28	0	50	0	56	0	46
0	44	0	48	0	45	3	51	0	47	0	45	0	46	0	49	0	46
0	49	0	46	0	56	0	54	0	47	30	29	0	53	0	42	0	45
0	47	0	53	0	46	27	34	0	45	0	63	0	55	0	71	0	56
0	41	0	50	0	56	0	37	0	41	25	24	0	37	0	48	0	54
0	44	0	47	24	27	0	39	0	40	0	62	0	58	0	47	0	44
0	47	0	54	1	41	0	58	0	48	0	44	0	53	0	51	0	56
0	49	0	58	14	52	0	37	0	46	0	50	0	50	0	53	0	60
0	58	0	49	0	58	0	59	24	27	0	64	0	53	0	63	0	39
0	54	0	43	0	43	0	50	0	42	6	50	0	51	0	36	0	51
0	39	0	46	0	50	0	53	11	44	0	50	0	52	0	53	0	60
0	52	0	65	0	52	0	45	0	49	0	52	0	42	0	44	25	34
0	50	0	42	0	54	0	58	0	49	8	53	0	55	0	39	0	56
0	48	0	47	0	52	3	46	0	50	0	48	0	55	0	46	0	45
0	56	0	53	0	49	0	44	0	50	4	51	0	41	0	46	0	51
