PSec1:ref	PSec1:alt	PSec2:ref	PSec2:alt	M4:ref	M4:alt	M1:ref	M1:alt	M3:ref	M3:alt	M2:ref	M2:alt
42	19	14	32	20	28	25	31	20	28	19	19
35	7	51	0	61	0	35	18	15	17	44	8
25	13	28	16	25	19	36	8	56	0	36	17
44	4	49	0	46	0	48	11	27	19	50	5
31	17	27	14	18	21	45	13	55	0	30	15
33	17	30	22	24	26	36	12	51	0	37	18
38	0	39	0	52	0	30	18	30	23	37	4
52	0	50	0	57	0	30	15	24	27	43	7
60	0	53	0	51	0	30	11	23	22	54	9
57	0	49	0	37	0	34	12	28	24	35	10
62	0	52	0	49	0	36	15	22	27	54	8
40	19	32	34	25	22	40	8	47	0	31	18
34	17	27	19	22	26	45	14	54	0	24	18
34	26	29	19	22	18	35	11	41	0	38	21
32	26	26	23	15	29	42	15	53	0	39	12
45	18	23	32	24	20	27	11	59	0	29	21
58	0	49	0	51	0	41	10	35	20	48	8
45	0	56	0	36	0	46	4	30	0	50	6
27	19	25	26	22	24	30	14	39	0	32	14
49	0	46	0	37	0	44	9	53	0	46	0
48	0	55	0	54	0	44	0	26	20	60	0
30	25	26	32	33	26	40	9	44	0	17	13
54	0	57	0	47	0	50	0	70	0	40	14
39	18	28	25	31	25	45	14	39	0	20	24
47	0	43	0	51	0	56	0	22	23	64	0
52	0	41	0	41	0	31	13	51	0	51	0
49	9	36	14	31	26	50	0	57	0	51	0
46	0	50	0	28	0	39	8	40	0	52	0
68	0	54	0	25	25	52	0	55	0	46	0
47	0	44	0	47	0	46	0	45	0	44	5
54	0	57	0	40	0	45	0	55	0	36	4
34	6	27	15	52	0	49	0	43	0	46	0
58	0	51	0	56	0	54	0	40	22	46	0
60	0	42	0	49	0	41	0	53	0	43	5
41	0	50	0	51	0	55	0	50	0	37	9
37	7	22	14	55	0	58	0	58	0	41	0
46	0	58	0	42	0	64	0	46	8	57	0
56	0	44	0	59	0	44	0	47	8	60	0
47	0	39	0	56	6	43	0	57	0	59	0
48	0	57	0	46	7	53	0	48	0	49	0
54	0	53	0	38	15	47	0	50	0	57	0
