PSec1:ref	PSec1:alt	PSec2:ref	PSec2:alt	M4:ref	M4:alt	M1:ref	M1:alt	M3:ref	M3:alt	M2:ref	M2:alt
23	24	20	20	21	25	37	18	30	27	28	21
37	6	24	20	21	23	29	28	19	26	19	25
40	7	40	12	30	25	23	16	26	21	14	25
37	11	33	18	27	20	26	23	43	22	35	28
40	8	36	14	22	32	28	20	25	28	24	40
49	6	21	23	20	30	25	20	23	22	28	17
38	7	30	24	24	25	43	20	28	29	24	16
49	0	56	0	29	26	44	0	47	0	53	0
39	0	46	0	60	0	45	0	49	0	20	28
53	0	39	0	45	0	64	0	28	17	53	0
46	0	50	0	50	0	46	0	49	0	43	5
30	0	54	0	47	0	51	0	50	0	48	17
57	0	53	0	32	18	48	0	58	0	44	0
55	0	46	0	57	0	50	0	36	27	55	0
38	0	54	0	49	0	54	0	30	15	45	0
53	0	68	0	48	0	50	0	32	4	52	0
