Tumor	Clone12	Clone11	Clone10	Clone9	Clone8	Clone3	Clone2	Clone1	Clone7	Clone6	Clone5	Clone4
T-M1	0	0	0.862096138692	0	0	0.174940898345	0	0	0	0	0	0
T-M2	0	0	0	0	0.665696370469	0.512875058103	0	0	0	0	0	0
T-M3	0	0	0	0.859460210037	0	0	0	0	0	0	0	0
T-M4	0	0	0	0	0	0.190474815275	0.249022009095	0	0	0.655741270867	0	0
T-M5	0	0	0	0	0	0	0.120846583984	0	0.778461538462	0	0.135824175824	0
T-M6	0	0	0	0	0	0.0863624937154	0.208833884067	0.815914733329	0	0	0	0
T-M7	0	0	0	0	0	0.0917311289975	0	0	0	0	0.273068167295	0.715200703707
T-PSec1	0.048930567122	0.355555555556	0	0	0	0.720513877322	0	0	0	0	0	0
T-PSec2	0.233351955919	0	0	0	0	0.481929347826	0.395829807366	0	0	0	0	0
