Tumor	Clone10	Clone9	Clone8	Clone3	Clone2	Clone1	Clone7	Clone6	Clone5	Clone4
T-M1	0	0	0	0	1.01258746924	0	0.122403254318	0	0	0
T-M2	0	0	0.361633305443	0	0	0	0.387003725682	0	0	0.569544787057
T-M3	0.123945477976	0.410358439588	0	0	0.434266740924	0	0	0	0	0.0546851554658
T-M4	0	0	0	0	0	0	0	0	0.558676975078	0.441323024922
T-M5	0	0	0	0	0.585321330473	0	0	0.397085859474	0	0
T-M6	0	0	0	0	0.10183333904	0.917394627892	0	0	0	0
T-M7	0	0	0	0.984414578288	0.00707453465724	0	0	0	0	0.208510887055
T-PSec1	0.950802281599	0	0	0	0	0	0	0	0	0
T-PSec2	1.02681549596	0	0	0	0	0	0	0	0	0
