Tumor	Clone10	Clone9	Clone8	Clone3	Clone2	Clone1	Clone7	Clone6	Clone5	Clone4
T-M1	0	0.588836868911	0	0	0.0484431486116	0	0	0	0	0.275000684232
T-M2	0	0	0	0	0.305991808571	0	0.770931268352	0	0	0
T-M3	0	0	0.331367054995	0	0.668632945005	0	0	0	0	0
T-M4	0	0	0	0	0.0387352696971	0	0	0	0.560149523476	0.465631335859
T-M5	0	0	0	0	0.665834619213	0	0	0.392645077633	0	0.101520303154
T-M6	0	0	0	0	0.086532912682	0.987541161392	0	0	0	0
T-M7	0	0	0	0.822955122511	0	0	0	0	0	0.198090173075
T-PSec1	0.729552415348	0	0	0	0.442861377755	0	0	0	0	0
T-PSec2	0.780547274521	0	0	0	0.188202725479	0	0	0	0	0
