Tumor	Clone13	Clone12	Clone11	Clone10	Clone14	Clone9	Clone8	Clone3	Clone2	Clone1	Clone7	Clone6	Clone5	Clone4
T-M1	0	0	0	0	0	0	0	0.844819311378	0	0	0	0	0	0
T-M2	0	0	0	0	0	0.406747265654	0	0	0	0.549774473477	0	0	0	0
T-M3	0	0	0.279245283019	0.570754716981	0	0	0	0	0	0.0940756484596	0	0	0.14288087328	0
T-M4	0	0	0	0	0	0	0	0	0	0	0.487445072191	0	0.4650649291	0
T-M5	0	0	0	0	0	0	0.788658946803	0	0	0	0	0.15894271773	0	0
T-M6	0	0	0	0	0	0	0	0	0.459926419996	0.70674024667	0	0	0	0
T-M7	0	0	0	0	0	0	0	0.53383079615	0	0	0	0.0476180570002	0.0667483205375	0.47499660833
T-PSec1	0.0822244380101	0.599593743808	0	0	0	0	0	0	0	0.382011605416	0	0	0	0
T-PSec2	0.10516885625	0.378339302259	0	0	0.436363636364	0	0	0	0	0	0	0	0	0
