Tumor	Clone13	Clone12	Clone11	Clone10	Clone9	Clone8	Clone3	Clone2	Clone1	Clone7	Clone6	Clone5	Clone4
T-M1	0	0	0	0.233638282899	0	0	0	0	0	0	0.836426265742	0	0.102349244462
T-M2	0	0	0	0	0	0.255102040816	0	0	0	0.746176558186	0	0	0
T-M3	0	0	0	0	0.691097308489	0	0	0	0	0.394825577233	0	0	0
T-M4	0	0	0	0	0	0	0.988047941678	0	0	0	0	0	0.119753476762
T-M5	0	0	0	0	0	0	0	0	0	0	0.333878331122	0.664285714286	0
T-M6	0	0	0	0	0	0	0	0	0.942945985245	0	0	0	0
T-M7	0	0	0	0	0	0	0	1.02183200141	0	0	0	0	0
T-PSec1	0	0.214285714286	0.785714285714	0	0	0	0	0	0	0	0	0	0
T-PSec2	0.131147540984	0	0.549703522846	0.51914893617	0	0	0	0	0	0	0	0	0
