Tumor	Clone13	Clone12	Clone11	Clone10	Clone9	Clone8	Clone3	Clone2	Clone1	Clone7	Clone6	Clone5	Clone4
T-M1	0	0	0.222222222222	0	0	0.835724764653	0.044093829451	0	0	0	0	0	0
T-M2	0	0	0	0	0	0	0.259737712336	0	0	0.303739000628	0	0	0.236523287036
T-M3	0	0	0	0.759859211109	0	0	0.0884526478011	0.239407439336	0	0	0	0	0
T-M4	0	0	0	0	0	0.0606318821021	0	0	0	0.27820340483	0.678318334301	0	0
T-M5	0	0	0	0	0.468085106383	0	0.0674948456218	0.596495519693	0	0	0	0	0
T-M6	0	0	0	0	0	0	0.01187137258	0.0604041188521	0.949327668222	0	0	0	0.00542386737263
T-M7	0	0	0	0	0	0	0.0737435626507	0.070298445543	0	0	0	0.89627039627	0.00135426220256
T-PSec1	0.380469176074	0.432813054488	0	0	0	0	0.24554129885	0	0	0	0	0	0
T-PSec2	0.141339433545	0.18701877541	0	0	0	0	0.581923062103	0.0193403611631	0	0	0	0	0.00654858054422
