Tumor	Clone13	Clone12	Clone11	Clone10	Clone14	Clone9	Clone8	Clone3	Clone2	Clone1	Clone7	Clone6	Clone5	Clone4
T-M1	0	0	0.604342221989	0	0	0.4	0	0	0	0	0	0	0	0.015499047852
T-M2	0	0	0	0	0	0.177990645904	0.795530492899	0	0.270923305642	0	0	0	0	0
T-M3	0	0	0	0.964522904789	0	0	0	0	0	0	0	0	0	0
T-M4	0	0	0	0	0	0	0	0	0.157563720622	0	0	0.963843537917	0	0.123875760328
T-M5	0	0	0	0	0	0	0	0	0	0	0.874811463047	0	0.125197258644	0.148208914332
T-M6	0	0	0	0	0	0	0	0	0.276804775444	0.784419714352	0	0	0	0
T-M7	0	0	0	0	0	0	0	1.0462962963	0.125853658537	0	0	0	0.0780931232892	0.115610580415
T-PSec1	0.270495267072	0.467261904762	0	0	0	0	0	0	0.302668053609	0	0	0	0.0262414412233	0
T-PSec2	0.0737352344038	0	0	0	0.266046511628	0	0	0	0.259312097509	0	0	0	0.536041291594	0
