Tumor	Clone13	Clone12	Clone11	Clone10	Clone15	Clone14	Clone9	Clone8	Clone3	Clone2	Clone1	Clone7	Clone6	Clone5	Clone4
T-M1	0	0.321978021978	0	0	0	0	0	0	0	0	0	0	0	0	0.791715056346
T-M2	0	0	0.159725401221	0.532320647968	0	0	0	0.0584564169606	0.322668265558	0	0	0	0	0	0
T-M3	0	0	0	0	0	0	0	0	0	0.974138824783	0	0	0	0	0.128914896705
T-M4	0	0	0	0	0	0	0	0.0141195824395	0.0934782608696	0	0	0.173913043478	0	0.761967374082	0
T-M5	0	0	0	0.181537482318	0	0	0.500704208685	0	0.335302168646	0	0	0	0	0	0
T-M6	0	0	0	0	0	0	0	0	0.101405895692	0.142478687884	0.919411891089	0	0	0	0.0589257475573
T-M7	0	0	0	0	0	0	0	0	0	0	0	0	0.485034258925	0.519610748669	0
T-PSec1	0.382953181273	0	0	0	0	0	0	0.380683182364	0.00559440559441	0	0	0	0	0	0
T-PSec2	0	0	0	0	0.0106444403055	0.167926988266	0	0.836813186813	0	0	0	0	0	0	0
