Tumor	Clone12	Clone11	Clone10	Clone9	Clone8	Clone3	Clone2	Clone1	Clone7	Clone6	Clone5	Clone4
T-M1	0	0	0.748830232649	0	0	0	0	0	0	0.266697717662	0	0
T-M2	0	0	0	0	0.779902045045	0	0	0	0	0.273940568853	0	0
T-M3	0	0	0	0.661606209409	0	0	0	0	0	0.487783359339	0	0.0499459794254
T-M4	0	0	0	0	0	0	0.0118880052265	0	0	0.117399374061	0.389217817154	0.42030599237
T-M5	0	0	0	0	0	0	0.0170966859684	0	0.368627886118	0.0373621374249	0.613828254233	0
T-M6	0	0	0	0	0	0	0.44431146312	0.475644180802	0	0	0	0
T-M7	0	0	0	0	0	0.939896810507	0.0127238170984	0	0	0	0	0
T-PSec1	0.294898555574	0.360709764677	0	0	0	0	0.34681672877	0	0	0.00263707707201	0	0
T-PSec2	0.91298818543	0	0	0	0	0	0.136633910368	0	0	0	0	0
