Tumor	Clone12	Clone11	Clone10	Clone9	Clone8	Clone3	Clone2	Clone1	Clone7	Clone6	Clone5	Clone4
T-M1	0	1.0507655744	0	0	0	0	0.00773782696504	0	0	0	0	0
T-M2	0	0	0	0.626905343231	0	0	0.581427990102	0	0	0	0	0
T-M3	0	0	1.00224940246	0	0	0	0.00851614777611	0	0	0	0	0
T-M4	0	0	0	0	0	0	0.00632377609645	0	0.0752136752137	0.138405797101	0.762759952466	0.00647081676493
T-M5	0	0	0	0	0.966666666667	0	0	0	0	0.0628246982927	0	0
T-M6	0	0	0	0	0	0	0.169389963715	0.861671295991	0	0	0	0
T-M7	0	0	0	0	0	0.846220255786	0.143480509716	0	0	0	0	0.150447245598
T-PSec1	0.488782051282	0	0	0	0	0	0.0947713307926	0	0	0.454818710949	0	0
T-PSec2	0	0	0	0	0	0	0.266038280393	0	0.736842105263	0.059337538264	0	0
