Tumor	Clone13	Clone12	Clone11	Clone10	Clone9	Clone8	Clone3	Clone2	Clone1	Clone7	Clone6	Clone5	Clone4
T-M1	0	0	0.175438596491	0.695804572908	0	0	0	0.0349376114082	0	0	0	0.0742113760556	0
T-M2	0	0	0	0	0	0.172413793103	0	0.3	0	0.827586206897	0	0	0
T-M3	0	0	0	0.0167919845626	0.893587633908	0	0	0	0	0	0	0	0
T-M4	0	0	0	0	0	0	0	0	0	0	0	0.315716534072	0.734575863589
T-M5	0	0	0	0	0	0	0	0.565183207583	0	0	0.47959291182	0	0
T-M6	0	0	0	0	0	0	0	0.0531310689847	1.01353559768	0	0	0	0
T-M7	0	0	0	0	0	0	0.988064689088	0.211935310912	0	0	0	0	0
T-PSec1	0.372520405349	0.404404949671	0	0	0	0	0	0	0	0	0	0	0
T-PSec2	0.806846708949	0.174166041397	0	0	0	0	0	0	0	0	0	0	0
