Tumor	Clone11	Clone10	Clone9	Clone8	Clone3	Clone2	Clone1	Clone7	Clone6	Clone5	Clone4
T-M1	0	0.256603422465	0.420102639296	0	0.0989489578222	0	0	0	0	0	0
T-M2	0	0	0	0	0	0	0	0.30114141691	0	0	0.543084410327
T-M3	0	0	0	0.857974699438	0.0700687930615	0	0	0	0	0	0
T-M4	0	0	0	0	0	0	0	0	0	0.136363636364	0.825607052602
T-M5	0	0	0	0	0.67727138515	0	0	0	0.371048244443	0	0
T-M6	0	0	0	0	0	0	0.984850999507	0	0	0	0
T-M7	0	0	0	0	0.126222133365	0.950976433023	0	0	0	0	0
T-PSec1	0.313996863547	0	0	0	0.208360605298	0	0	0	0	0	0.186003136453
T-PSec2	0.214844765813	0	0	0	0.556750485878	0	0	0	0	0	0.0543860034175
