Tumor	Clone12	Clone11	Clone10	Clone9	Clone8	Clone3	Clone2	Clone1	Clone7	Clone6	Clone5	Clone4
T-M1	0	0.207653082948	0.289351662491	0	0	0	0.581146407965	0	0	0	0	0
T-M2	0	0	0	0	0.198742746615	0.351673053801	0.459080601209	0	0	0	0	0
T-M3	0	0	0	0.874346972203	0	0	0.145210728952	0	0	0	0	0
T-M4	0	0	0	0	0	0	0.00426097738685	0	0	1.00532755147	0	0
T-M5	0	0	0	0	0	0	0.426810162216	0	0.546910082266	0	0	0.0341978806623
T-M6	0	0	0	0	0	0.0338345864662	0.436319480781	0.5	0	0	0	0
T-M7	0	0	0	0	0	0	0.170461210993	0	0	0	0.297406387701	0.475320885026
T-PSec1	0.306993891623	0	0	0	0	0	0.439207209972	0	0	0	0	0
T-PSec2	0	0	0	0	0	0	0.622788864227	0	0	0	0.156862745098	0
