Tumor	Clone13	Clone12	Clone11	Clone10	Clone9	Clone8	Clone3	Clone2	Clone1	Clone7	Clone6	Clone5	Clone4
T-M1	0	0.046511627907	0	0	0.744186046512	0	0	0.156670746634	0	0	0	0	0
T-M2	0	0	0	0	0.188893636599	0.694646736071	0	0	0	0	0	0	0
T-M3	0	0	0.357142857143	0.661157796452	0.00968442103209	0	0	0	0	0	0	0	0
T-M4	0	0	0	0	0	0	0	0.329303548197	0	0.163667225018	0.176100628931	0.311320754717	0.806256226176
T-M5	0	0	0	0	0	0	0	0	0	0	0.949656950351	0.263603270191	0
T-M6	0	0	0	0	0	0	0	0.109252072041	1.0543842916	0	0	0	0
T-M7	0	0	0	0	0	0	0.944482531664	0	0	0	0	0	0
T-PSec1	0.349461656779	0	0	0	0	0	0	0.418181818182	0	0	0	0.232356525039	0
T-PSec2	0.279069767442	0	0	0	0	0	0	0.773561811506	0	0	0	0	0
