Tumor	Clone13	Clone12	Clone11	Clone10	Clone9	Clone8	Clone3	Clone2	Clone1	Clone7	Clone6	Clone5	Clone4
T-M1	0	0.332370324445	0	0	0	0.448318676136	0	0	0	0	0	0	0.298676078785
T-M2	0	0	0	0.432004963701	0.524516775429	0	0	0.0238704177323	0	0	0	0	0.016343869249
T-M3	0	0	0.812869410252	0	0	0	0	0	0	0	0	0	0.167899820517
T-M4	0	0	0	0	0	0	0	0	0	0	0.357012930658	0.522102548458	0.260884520885
T-M5	0	0	0	0	0	0.415880717271	0	0	0	0.57015573525	0	0	0.0571310717782
T-M6	0	0	0	0	0	0	0	0.171439902351	0.921357575978	0	0	0	0
T-M7	0	0	0	0	0	0	0.966143197906	0	0	0	0	0	0.0581729115165
T-PSec1	0.114285714286	0	0	0	0	0	0	0.0642857142857	0	0	0	0	0.797077922078
T-PSec2	0	0	0	0	0	0	0	0	0	0	0.328985507246	0	0.664604236343
