Tumor	Clone13	Clone12	Clone11	Clone10	Clone9	Clone8	Clone3	Clone2	Clone1	Clone7	Clone6	Clone5	Clone4
T-M1	0	0	0.192623679646	0.8	0	0	0	0	0	0	0	0	0
T-M2	0	0	0	0	0	0	0	0.409339467732	0	0.0754716981132	0	0	0.640345279711
T-M3	0	0	0	0	0.0193344795446	0.412038069475	0	0	0	0	0	0	0.475613322252
T-M4	0	0	0	0	0	0	0	0	0	0	0	1.07587546304	0
T-M5	0	0	0	0	0	0	0	0	0	0	1.00531356331	0	0.155976759273
T-M6	0	0	0	0	0	0	0	0.10591653324	0.678688900941	0	0	0	0
T-M7	0	0	0	0	0	0	0.974496189869	0	0	0	0	0	0.143072576768
T-PSec1	0	0.19595290332	0	0	0	0	0	0	0	0	0	0	0.67034746298
T-PSec2	0.825224955594	0	0	0	0	0	0	0	0	0	0	0	0.282467352098
