Tumor	Clone11	Clone10	Clone9	Clone8	Clone3	Clone2	Clone1	Clone7	Clone6	Clone5	Clone4
T-M1	0.904761904762	0	0	0	0	0.0157407407407	0	0	0	0	0.162830687831
T-M2	0	0	0.890395480226	0	0	0.0766898864809	0	0	0	0	0.209385221528
T-M3	0	0.490931832395	0	0	0	0	0	0	0	0	0.537129583346
T-M4	0	0	0	0	0	0.404881336158	0	0.141109181261	0.565120593692	0.827385699155	0
T-M5	0	0	0	0.608815041168	0	0.0531436817151	0	0	0	0	0.399265766913
T-M6	0	0	0	0	0	0.251175198586	0.653586706176	0	0	0	0
T-M7	0	0	0	0	0.818643522983	0.227720450281	0	0	0	0	0.0755872462478
T-PSec1	0	0	0	0	0	0.127614709852	0	0	0	0	0.661858974359
T-PSec2	0	0	0	0	0	0.0727040816327	0	0	0.242955845344	0	0.623115583227
