PSec1:ref	PSec1:alt	PSec2:ref	PSec2:alt	M5:ref	M5:alt	M4:ref	M4:alt	M7:ref	M7:alt	M6:ref	M6:alt	M1:ref	M1:alt	M3:ref	M3:alt	M2:ref	M2:alt	M9:ref	M9:alt	M8:ref	M8:alt
19	17	25	26	24	25	21	29	27	27	31	25	27	26	29	24	27	24	27	32	20	18
42	11	40	7	35	0	53	0	49	0	49	0	52	0	52	10	47	0	55	0	53	0
33	3	45	8	39	0	55	0	62	0	58	0	57	0	57	0	41	18	43	0	28	20
33	9	40	2	66	0	51	0	50	0	50	0	46	0	50	5	37	0	47	0	54	0
30	8	46	0	22	40	26	23	22	24	25	25	31	22	40	24	41	14	30	22	59	0
49	0	59	0	43	0	51	0	41	0	44	0	51	0	49	0	36	20	58	0	15	23
43	0	51	0	47	0	65	0	41	0	20	21	26	27	47	0	50	0	48	0	51	0
50	0	61	0	49	0	59	0	53	0	21	18	25	22	58	0	63	0	52	0	58	0
52	0	48	0	41	0	47	0	56	0	60	0	54	0	68	0	35	15	46	0	21	30
56	0	69	0	58	0	56	0	49	0	30	22	20	30	44	0	55	0	55	0	58	0
49	13	55	0	27	24	29	19	24	19	62	0	46	0	33	23	39	5	24	30	45	0
43	10	44	0	26	12	47	0	24	30	50	0	48	0	23	17	46	9	28	20	53	0
39	0	63	0	51	0	66	0	39	0	57	0	55	0	54	0	38	16	47	0	35	25
35	5	54	0	23	20	43	0	26	29	45	0	40	0	32	14	28	9	18	31	49	0
44	0	41	0	42	0	43	0	47	0	65	0	34	0	62	0	33	12	44	0	22	23
56	0	59	0	54	0	54	0	60	0	24	22	29	23	52	0	48	0	63	0	55	0
30	8	36	3	62	0	40	0	47	0	59	0	38	0	47	5	49	0	49	0	42	0
31	14	45	1	48	0	53	0	56	0	37	0	56	0	55	4	54	0	45	0	46	0
39	0	54	0	55	0	24	19	55	0	46	0	43	0	51	0	63	0	49	0	44	0
56	0	56	0	54	0	51	0	50	0	22	21	26	30	61	0	50	0	48	0	38	0
61	0	40	0	47	0	29	23	45	0	52	0	45	0	59	0	59	0	43	0	47	0
46	0	55	0	52	0	48	0	47	0	55	0	29	28	49	0	51	0	45	0	53	0
44	0	61	0	47	0	46	0	49	0	18	24	54	0	69	0	42	0	52	0	50	0
51	0	58	0	54	0	53	0	49	0	20	23	48	0	53	0	48	0	41	0	51	0
47	10	54	5	45	0	46	0	33	0	46	0	58	0	37	4	45	0	48	0	47	0
49	6	54	0	21	19	41	0	27	24	38	0	51	0	15	15	32	11	23	22	50	0
34	6	49	4	47	0	56	0	55	0	55	0	53	0	46	2	60	0	42	0	56	0
58	0	43	0	63	0	51	0	61	0	16	28	41	0	42	0	49	0	60	0	63	0
52	0	59	0	30	19	60	0	54	0	44	0	51	0	41	0	38	0	52	0	43	0
39	0	50	0	47	0	56	0	29	28	54	0	47	0	24	19	61	0	45	0	57	0
54	0	54	0	54	0	55	0	27	13	59	0	39	0	31	14	62	0	46	0	55	0
41	0	62	0	26	14	59	0	51	0	54	0	40	0	43	0	45	0	30	0	58	0
41	0	55	0	49	0	46	0	51	0	50	0	41	0	37	0	43	19	44	0	49	0
52	0	45	0	44	0	55	0	58	0	49	0	40	0	51	0	46	11	44	0	52	0
38	0	60	0	37	0	54	0	49	0	27	21	40	0	57	0	45	0	52	0	55	0
51	0	64	0	49	0	56	0	16	25	45	0	52	0	36	20	59	0	63	0	44	0
68	0	57	0	47	0	61	0	60	0	32	22	56	0	60	0	56	0	58	0	62	0
55	0	43	0	57	0	48	0	32	23	56	0	46	0	35	13	44	0	54	0	54	0
38	0	46	0	49	0	42	0	39	0	56	0	58	0	56	0	36	11	53	0	57	0
52	0	51	0	34	0	20	34	56	0	69	0	41	0	42	0	49	0	46	0	45	0
47	0	57	0	53	0	45	0	39	16	50	0	56	0	28	15	53	0	47	0	41	0
46	0	60	0	52	0	47	0	49	0	46	0	56	0	41	2	44	0	57	0	48	0
48	0	62	0	44	0	50	0	52	0	27	23	52	0	43	0	55	0	59	0	55	0
50	0	49	0	49	0	58	0	52	0	42	0	47	0	40	0	38	10	48	0	46	0
56	0	40	0	44	0	39	0	48	0	61	0	54	0	42	3	52	0	57	0	40	0
44	0	62	0	61	0	40	0	55	0	49	0	58	0	31	25	47	0	51	0	58	0
50	0	61	0	46	0	51	0	47	0	43	0	69	0	47	0	54	0	47	0	30	15
40	0	50	0	43	0	36	31	50	0	42	0	46	0	57	0	59	0	62	0	40	0
49	0	40	0	51	0	54	0	54	0	41	0	50	0	53	0	46	0	28	28	52	0
59	0	33	0	48	0	51	0	47	0	54	0	51	0	48	0	49	12	60	0	49	0
46	0	46	0	58	0	52	0	32	20	53	0	54	0	66	0	40	0	41	0	46	0
42	0	48	0	56	0	45	5	48	0	55	0	44	0	52	0	54	0	52	0	56	0
35	0	46	0	58	0	51	11	46	0	54	0	35	0	42	0	53	0	37	0	43	0
50	0	41	0	50	0	46	10	47	0	55	0	56	0	50	0	41	0	49	0	39	0
48	0	48	0	60	0	51	0	54	0	52	0	45	0	35	17	55	0	53	0	50	0
49	0	47	0	46	0	47	0	45	0	38	0	39	0	32	23	52	0	67	0	51	0
53	0	42	0	50	0	67	0	55	0	58	0	58	0	58	0	49	5	46	0	67	0
33	0	41	0	52	0	56	0	45	0	56	0	36	0	42	18	52	0	43	0	41	0
42	0	51	0	53	0	48	0	31	0	48	0	55	0	47	0	50	0	57	0	34	22
52	0	54	0	62	0	41	0	49	1	66	0	49	0	57	0	48	0	59	0	56	0
53	0	56	0	41	0	48	0	41	0	48	0	47	0	53	0	48	14	44	0	48	0
51	0	44	0	44	0	51	0	66	0	47	0	54	0	54	0	51	0	38	27	67	0
56	0	46	0	54	0	43	0	49	0	42	0	56	0	59	0	35	12	57	0	63	0
47	0	52	0	60	0	39	0	54	0	41	16	53	0	38	0	52	0	44	0	56	0
61	0	46	0	54	7	54	0	50	0	52	0	56	0	61	0	60	0	51	0	39	0
