Tumor	Clone11	Clone10	Clone9	Clone8	Clone3	Clone2	Clone1	Clone7	Clone6	Clone5	Clone4
T-M1	0.608142026875	0	0.232511126278	0	0	0	0	0	0	0	0
T-M2	0	0	0.316577388581	0.699944350549	0	0	0	0	0	0	0
T-M3	0	0.417213264421	0	0	0	0.489040060469	0	0	0	0.154971164907	0
T-M4	0	0	0	0	0	0.303385970322	0	0	0	0.25699986623	0.417391941226
T-M5	0	0	0	0	0	0.148443053484	0	0.0206449958361	0.961346733289	0	0
T-M6	0	0	0	0	0	0.199194830172	0.977275758063	0	0	0	0
T-M7	0	0	0	0	0.944753434137	0	0	0	0	0	0
T-PSec1	0	0	0	0	0	0.101742160279	0	0	0	0.898257839721	0
T-PSec2	0	0	0	0	0	0.432843035343	0	0.228766642511	0	0.298390322146	0
