Tumor	Clone12	Clone11	Clone10	Clone9	Clone8	Clone3	Clone2	Clone1	Clone7	Clone6	Clone5	Clone4
T-M1	0	0	0	0	0	0.187000339697	0.886170392011	0	0	0	0	0
T-M2	0	0	0	0	0	0.0312960096867	0	0	0	0	1.04277806439	0
T-M3	0	0	0.929559532026	0	0	0.00164420248968	0.0287962654844	0	0	0	0	0
T-M4	0	0	0	0	0	0	0	0	0.831281349749	0.0482621801618	0.182879637938	0
T-M5	0	0	0	0.163123345414	0.742537031944	0	0.129734957507	0	0	0	0	0
T-M6	0	0	0	0	0	0.19343617848	0.434262087293	0.487055832588	0	0	0	0
T-M7	0	0	0	0	0	0	0	0	0	0.0304733196	0.132728793266	0.867512741774
T-PSec1	0.150805008945	0.57084078712	0	0	0	0.389465315047	0	0	0	0	0	0
T-PSec2	0.264150943396	0	0	0	0	0.558510638298	0	0	0	0.177338418306	0	0
