R4:alt	R4:ref	R5:alt	R5:ref	R6:alt	R6:ref	R7:alt	R7:ref	R1:alt	R1:ref	R2:alt	R2:ref	R3:alt	R3:ref	R8:alt	R8:ref
0	109	0	101	0	107	0	103	48	60	0	93	35	70	0	104
0	94	0	107	0	120	0	100	47	59	0	109	0	98	0	92
29	69	0	111	0	89	0	107	0	116	0	122	0	109	0	102
20	81	0	99	0	98	0	119	0	89	0	92	0	78	0	106
0	94	0	112	0	96	38	53	0	97	0	104	0	100	0	94
47	60	0	99	0	84	0	79	5	99	3	98	14	76	1	98
40	59	0	95	0	113	0	113	0	107	0	103	0	95	0	96
44	50	0	91	0	87	0	96	0	99	0	102	0	93	0	114
34	69	0	88	0	120	0	80	0	96	0	84	0	116	0	108
45	67	0	101	0	94	0	106	0	125	0	109	0	94	0	91
51	61	0	97	0	90	0	96	0	99	0	99	0	94	0	102
55	48	0	106	0	96	0	104	0	103	0	83	0	117	0	93
3	120	0	106	19	77	0	109	61	59	2	96	42	58	0	122
2	93	0	97	13	90	0	110	43	64	0	124	44	56	0	104
0	97	0	100	0	105	0	103	0	96	0	82	0	89	20	91
0	108	0	96	0	102	0	101	0	93	0	100	0	113	24	80
21	72	0	89	0	86	0	105	0	103	0	91	0	92	0	99
0	106	29	71	0	105	0	97	0	109	0	103	0	109	0	114
0	91	23	71	0	100	0	112	0	94	0	126	0	98	0	91
0	95	22	77	0	114	0	112	0	88	0	109	0	100	0	94
0	121	26	69	0	91	0	102	0	102	0	120	0	92	0	93
0	88	0	114	34	66	0	93	0	108	0	114	0	108	43	58
0	105	0	98	0	112	15	92	0	106	55	50	0	99	0	112
0	95	0	97	0	110	0	98	40	53	0	105	28	90	0	103
0	114	0	91	0	92	0	84	46	53	0	108	0	90	0	101
0	86	0	92	0	76	0	87	0	99	0	105	0	88	32	60
30	64	0	106	0	108	0	93	0	96	2	88	12	101	0	125
33	68	0	100	0	92	0	90	0	104	0	91	0	98	0	112
0	96	27	69	0	113	0	106	0	106	0	92	0	97	0	96
0	86	0	94	33	71	0	117	0	108	0	84	0	94	0	103
0	110	0	97	35	61	0	97	0	110	0	92	0	110	0	97
0	102	29	79	0	104	0	88	0	93	0	115	0	99	0	101
0	87	0	114	0	83	0	107	0	108	41	65	0	109	0	103
0	100	0	96	0	112	0	102	0	103	32	69	0	112	0	95
0	109	0	105	0	106	0	94	37	52	0	117	0	107	0	98
6	80	50	49	2	105	41	46	0	107	0	100	0	116	0	94
0	97	0	97	27	75	0	99	0	87	0	108	0	99	39	65
0	127	0	83	0	103	0	84	0	109	39	59	0	89	0	92
0	93	0	82	0	113	0	97	0	85	34	53	0	96	0	104
0	93	0	82	0	106	0	106	0	93	0	91	0	110	42	75
1	96	0	106	0	95	0	106	33	68	0	94	48	67	0	97
0	103	25	70	0	90	0	88	0	90	0	108	0	102	0	91
0	89	0	99	0	95	0	94	0	91	0	110	0	94	38	58
0	95	0	106	0	107	0	99	0	113	0	101	0	111	39	68
0	98	0	92	0	114	0	115	28	69	0	92	0	103	0	84
40	50	0	98	33	49	1	97	55	52	49	69	40	43	40	46
0	91	0	102	34	68	0	92	0	94	0	91	0	104	0	89
0	107	0	92	35	53	0	94	0	87	0	94	0	102	36	56
0	106	0	89	29	71	0	99	0	93	0	93	0	83	30	70
0	92	0	121	0	98	0	84	0	91	0	90	0	103	34	68
0	97	25	84	0	108	0	94	0	106	0	96	0	98	0	111
0	98	0	106	0	104	0	101	0	92	29	75	0	99	0	106
0	97	0	108	0	83	0	86	0	119	35	68	0	111	0	103
0	110	41	51	0	104	45	64	0	108	0	102	0	104	0	95
0	89	40	66	0	95	45	65	0	103	0	86	0	83	0	98
0	104	0	112	0	105	0	92	33	78	0	72	0	109	0	100
0	100	0	82	0	115	0	87	12	83	0	97	0	98	0	92
0	89	20	92	0	108	0	110	0	106	0	114	0	129	0	95
0	94	0	96	0	99	0	111	38	58	0	93	12	107	0	86
0	105	0	102	0	102	0	100	33	61	0	94	9	94	0	119
0	97	0	93	0	98	0	98	0	100	0	104	0	91	24	63
0	103	0	109	52	53	0	92	40	41	0	107	39	49	47	45
0	109	0	125	48	56	0	105	35	59	0	78	32	64	59	49
0	88	26	82	0	113	0	96	0	108	0	98	0	112	0	101
0	107	0	94	0	96	0	102	0	97	0	93	0	100	36	72
0	93	0	106	0	106	54	54	0	97	0	94	0	93	0	94
0	86	0	99	0	89	40	67	0	115	0	101	0	103	0	111
39	48	0	82	0	95	0	97	0	89	0	105	0	107	0	97
58	54	0	92	0	102	0	113	0	118	0	101	0	97	0	97
45	62	0	107	0	91	0	90	0	110	0	106	0	111	0	91
54	55	0	90	0	116	0	101	0	93	0	91	13	85	0	87
40	53	0	120	0	93	13	101	7	87	39	55	10	95	0	91
0	117	26	81	0	98	0	93	0	102	0	90	0	120	0	115
0	113	0	89	0	100	0	107	21	77	0	111	0	100	0	112
0	94	0	112	0	98	0	106	26	87	0	107	0	91	0	106
0	110	22	85	0	104	0	95	0	104	0	94	0	95	0	102
0	98	32	78	0	104	0	97	0	88	0	102	0	102	0	107
28	67	0	107	0	85	0	103	0	95	0	110	0	97	0	95
0	115	0	105	0	91	29	78	0	94	0	90	0	91	0	108
0	111	0	103	0	117	26	69	0	105	0	111	0	90	0	100
0	104	0	101	0	107	0	97	0	113	29	68	0	96	0	97
5	86	51	56	0	99	37	53	0	102	0	101	0	116	0	87
0	93	0	101	0	106	0	96	15	87	0	117	0	122	0	107
0	95	0	109	0	105	0	89	0	104	37	65	0	102	0	106
0	99	28	66	0	107	0	89	0	92	0	100	0	100	0	108
0	91	27	83	0	94	0	104	0	86	0	106	0	97	0	124
0	93	28	76	0	105	0	111	0	89	0	95	0	97	0	101
0	87	25	84	0	106	0	106	0	107	0	105	0	106	0	97
20	63	0	100	0	121	0	96	0	101	0	99	0	87	0	105
23	73	0	89	0	109	0	108	0	95	0	108	0	103	0	103
40	68	0	98	0	97	0	93	7	101	0	114	15	76	2	77
51	46	0	103	0	96	0	99	0	119	0	87	0	104	0	115
0	102	0	92	0	110	7	83	0	100	43	72	0	86	0	99
0	108	0	97	0	104	0	100	0	98	0	102	0	109	22	76
0	92	0	84	0	91	0	126	0	99	0	109	0	110	31	94
0	113	0	81	0	100	6	75	0	113	45	59	0	99	0	109
0	84	0	87	0	105	30	71	0	117	0	94	0	108	0	89
0	103	0	93	33	72	0	100	0	92	0	97	0	99	48	59
0	95	0	98	31	69	0	100	0	113	0	75	0	109	23	50
