R4:alt	R4:ref	R5:alt	R5:ref	R6:alt	R6:ref	R7:alt	R7:ref	R1:alt	R1:ref	R2:alt	R2:ref	R3:alt	R3:ref	R8:alt	R8:ref
0	99	0	98	41	79	0	100	0	103	0	91	0	103	0	106
0	99	0	90	0	102	0	115	0	92	0	94	0	102	47	65
0	92	0	94	0	85	0	111	0	99	0	108	0	92	37	70
0	110	0	100	0	94	0	91	30	60	0	92	0	108	12	78
0	104	0	110	52	58	22	89	0	104	0	98	0	107	0	107
0	99	0	92	59	48	20	90	0	92	0	98	0	105	0	106
0	105	0	90	0	97	0	102	0	82	29	74	0	110	0	87
0	87	25	72	0	91	0	109	0	113	0	109	0	102	0	111
0	108	18	72	0	117	0	102	0	99	0	98	0	96	0	114
0	93	0	100	0	91	0	85	0	117	0	101	0	89	40	74
0	99	0	89	0	113	0	115	0	99	0	100	0	103	41	63
0	99	0	92	0	108	0	102	0	103	0	89	0	102	38	66
0	118	53	40	0	105	10	89	0	114	0	96	0	108	0	95
0	99	46	48	0	78	8	97	0	121	0	102	0	102	0	115
0	78	2	102	0	110	0	95	0	101	29	57	0	102	0	110
36	69	0	95	0	102	0	102	1	101	0	108	0	117	0	105
45	61	0	111	0	89	0	89	1	101	0	98	0	107	0	103
0	98	0	114	55	58	26	81	0	94	0	97	0	100	0	94
0	121	4	90	0	109	0	96	0	101	37	65	0	88	0	97
0	90	3	103	0	99	0	92	0	96	34	60	0	98	0	115
0	87	0	98	0	105	0	101	0	85	36	72	0	96	0	108
0	96	0	93	0	102	0	93	0	125	0	116	0	103	39	65
7	109	0	99	0	101	0	108	0	95	0	103	44	51	0	91
4	114	0	88	0	114	0	116	0	112	0	87	48	59	0	105
0	86	28	83	0	96	0	105	0	114	0	109	0	95	0	96
0	98	1	94	0	106	0	96	0	92	33	69	0	112	0	95
0	106	2	94	0	103	0	92	0	95	35	82	0	115	0	96
0	105	37	59	0	118	0	88	0	127	0	94	0	97	0	88
41	51	0	96	0	109	0	95	1	102	0	126	0	91	0	111
0	86	0	89	0	110	0	98	0	97	0	85	41	65	0	95
0	104	0	96	37	36	20	80	0	122	0	112	0	101	0	101
0	99	0	89	52	58	15	82	0	89	0	88	0	107	0	88
0	89	46	47	0	90	20	91	0	93	0	109	0	111	0	117
0	97	56	55	0	107	13	88	0	100	0	87	0	103	0	102
0	98	0	89	0	95	0	113	0	108	0	119	0	85	41	56
0	93	0	85	0	123	0	105	0	126	0	115	0	100	45	57
0	98	0	99	0	88	0	103	0	93	0	103	0	108	46	65
0	110	1	94	0	96	0	89	0	89	0	108	0	82	31	60
0	109	0	102	32	57	0	106	0	106	0	95	0	89	0	108
0	97	0	103	0	102	0	96	0	113	0	100	0	114	23	94
0	117	0	80	0	110	0	93	0	115	0	98	0	111	16	72
0	99	0	107	0	105	0	89	0	103	0	107	0	103	22	74
0	109	0	92	0	88	0	84	20	74	0	97	0	110	0	100
0	103	0	92	0	75	0	98	21	89	0	95	0	83	0	95
0	102	0	89	50	57	26	82	0	89	0	86	0	109	0	91
0	91	0	116	0	108	0	84	0	81	0	94	0	121	36	60
0	111	42	54	0	100	14	103	0	96	0	93	0	96	0	100
0	89	0	109	37	70	0	102	0	94	0	98	0	110	0	101
47	54	0	118	0	94	0	105	26	87	0	101	0	108	0	108
0	98	0	97	34	64	19	84	0	95	0	92	0	107	0	108
0	109	0	106	53	57	11	73	0	89	0	96	0	102	0	114
0	98	0	103	43	69	13	72	0	92	0	90	0	98	0	97
0	127	0	110	52	56	9	94	0	97	0	95	0	99	0	95
0	91	0	84	42	52	14	84	0	83	0	114	0	101	0	104
0	101	0	98	33	67	0	111	0	101	0	113	0	89	0	108
0	79	0	107	0	97	0	99	0	107	23	75	0	102	0	103
0	102	0	101	0	86	0	101	0	96	0	96	0	93	50	72
0	87	0	95	0	112	0	113	0	115	37	58	0	89	0	88
0	94	0	95	0	108	0	100	20	71	0	102	0	91	0	100
0	87	0	109	52	43	12	95	0	104	0	96	0	86	0	123
0	107	0	102	54	55	19	76	0	110	0	97	0	110	0	82
0	96	0	96	44	39	18	85	0	96	0	95	0	112	0	95
45	50	2	97	0	101	12	86	48	51	32	58	53	52	7	92
59	53	2	110	0	93	18	72	47	47	44	59	55	41	6	90
0	104	0	102	0	104	0	103	0	109	0	114	34	86	0	105
0	112	0	104	0	107	0	90	0	109	0	102	28	72	0	89
0	96	0	90	0	99	0	107	0	90	0	84	37	68	0	98
0	95	31	75	0	98	0	98	0	103	0	93	0	113	0	95
0	90	0	92	0	107	0	114	0	100	0	109	0	93	30	67
0	113	0	96	0	109	0	113	0	98	0	93	0	98	33	66
0	104	40	51	0	98	0	111	0	109	0	102	0	107	0	101
0	111	0	96	0	101	0	113	0	91	0	114	50	55	0	91
0	87	46	66	44	40	24	81	0	96	0	102	0	80	45	67
0	111	48	58	49	46	41	79	0	98	0	94	0	91	36	46
0	92	42	44	49	53	32	70	0	118	0	110	0	111	44	64
0	99	45	47	0	95	14	87	0	86	0	109	0	114	0	104
0	108	48	43	0	99	12	89	0	100	0	100	0	89	0	91
0	96	0	97	29	73	0	97	0	97	0	82	0	92	0	93
45	58	0	84	0	94	0	86	30	70	0	110	0	99	0	108
0	97	0	103	0	92	0	91	25	77	0	116	0	97	0	85
0	111	0	101	0	105	0	114	26	85	0	101	0	94	0	101
0	98	0	92	0	91	0	89	0	104	36	65	0	108	0	112
0	75	0	102	0	103	0	87	0	107	30	64	0	87	0	94
37	51	0	90	0	104	0	85	1	113	0	105	0	88	0	92
0	113	0	99	0	96	0	106	0	94	0	89	30	57	0	104
0	102	0	86	0	109	0	101	0	105	0	84	23	66	0	114
0	100	0	81	0	100	0	100	0	99	0	101	29	76	0	98
0	118	38	62	0	98	0	88	0	98	0	110	0	100	0	95
0	88	0	114	23	78	0	116	0	104	0	90	0	120	0	90
0	108	0	105	29	78	0	96	0	92	0	92	0	95	0	103
0	95	22	80	0	112	0	116	0	99	0	103	0	110	0	106
0	101	23	84	0	87	0	105	0	101	0	94	0	111	0	83
0	89	0	101	0	104	0	101	0	101	0	112	0	84	44	50
51	64	0	102	0	82	0	100	1	101	0	102	0	81	0	87
0	105	29	67	0	103	0	100	0	101	0	110	0	85	0	104
0	97	27	66	0	126	0	108	0	99	0	98	0	98	0	89
0	93	50	53	0	96	8	93	0	113	0	118	0	85	0	117
0	91	0	92	54	48	22	86	0	96	0	91	0	89	0	111
0	95	0	113	0	101	0	112	0	89	0	88	44	68	0	98
0	85	4	92	0	117	0	92	0	105	46	58	0	89	0	98
0	102	0	120	0	102	0	106	0	103	0	90	53	54	0	101
0	112	33	61	0	106	0	106	0	92	0	76	0	111	0	107
46	52	0	109	0	105	0	100	2	77	0	89	0	86	0	100
27	59	0	93	0	94	0	97	0	103	0	105	0	106	0	114
37	69	0	94	0	84	0	108	0	99	0	87	0	120	0	84
0	117	0	98	0	103	0	102	28	77	0	101	0	97	0	108
0	93	18	76	0	99	0	92	0	89	0	110	0	117	0	111
0	107	0	99	0	85	0	94	0	113	0	93	41	64	0	103
