R4:alt	R4:ref	R5:alt	R5:ref	R6:alt	R6:ref	R7:alt	R7:ref	R1:alt	R1:ref	R2:alt	R2:ref	R3:alt	R3:ref	R8:alt	R8:ref
0	106	0	114	0	97	0	85	0	96	0	110	25	53	0	88
0	88	0	104	0	109	0	111	0	95	0	94	20	89	0	90
0	113	0	90	0	101	0	99	0	110	0	77	10	74	0	106
44	47	34	77	0	82	0	95	0	118	0	99	37	51	0	106
56	63	30	81	0	95	0	117	0	92	0	124	44	44	0	115
0	96	0	98	0	109	0	81	53	74	0	112	0	89	0	85
0	89	0	107	0	98	0	103	37	70	0	102	0	119	0	89
3	102	0	99	0	108	0	96	0	96	0	80	34	48	0	107
1	93	0	88	0	91	0	113	0	93	0	96	38	62	0	98
0	85	0	90	0	91	5	98	46	47	0	108	0	89	0	104
28	64	0	98	0	124	0	102	0	76	0	109	0	117	0	97
37	88	0	118	0	97	0	96	0	111	0	109	0	108	0	93
0	98	0	95	0	101	0	82	34	68	0	89	0	98	0	106
0	100	0	104	0	85	47	61	0	104	52	42	0	102	0	96
0	94	0	91	0	95	4	87	38	62	0	102	0	105	0	105
0	97	0	95	0	115	0	99	33	43	0	79	0	106	0	116
0	111	0	104	13	99	0	109	0	99	0	102	0	92	63	52
0	93	0	79	0	106	0	90	0	102	35	35	0	98	0	95
0	107	0	76	0	119	26	61	0	93	0	91	0	94	0	94
0	121	0	102	0	89	20	63	0	95	0	82	0	107	0	119
0	102	0	111	40	63	0	94	1	95	0	109	0	108	0	82
0	123	0	113	33	67	0	108	1	94	0	85	0	91	0	113
53	58	0	91	0	107	0	105	0	92	0	91	29	76	0	76
39	50	0	95	0	119	0	112	0	120	0	103	31	58	0	107
0	112	0	101	0	96	0	104	28	76	0	104	0	115	0	96
0	101	0	112	0	94	26	67	0	92	0	89	0	98	0	96
54	45	25	75	0	103	0	84	0	98	0	104	49	44	0	102
0	98	24	75	51	51	0	92	2	83	0	91	0	102	51	42
0	118	0	98	0	102	0	89	0	113	0	104	27	61	0	98
0	76	0	92	0	90	0	93	0	106	23	84	0	97	0	105
0	101	0	112	0	69	1	78	40	62	0	98	0	105	0	90
0	86	0	115	0	102	28	74	0	102	0	92	0	106	0	104
58	47	0	91	0	101	0	90	0	94	0	98	34	67	0	107
0	84	0	92	9	97	0	98	0	104	0	91	0	83	54	47
0	103	0	100	13	82	0	82	0	103	0	101	0	81	46	45
0	95	0	91	0	96	0	99	0	113	26	73	0	93	0	104
0	103	0	91	0	103	0	97	0	97	26	87	0	99	0	104
46	59	38	71	0	94	0	106	0	92	0	97	38	50	0	100
45	63	20	97	0	87	0	100	0	86	0	112	46	46	0	69
58	42	18	84	0	102	0	97	0	104	0	110	43	56	0	89
35	52	27	63	0	81	0	118	0	91	0	109	40	45	0	112
0	91	0	106	0	105	0	104	0	99	44	58	0	106	0	112
0	96	0	103	0	96	44	53	44	62	49	38	0	90	0	95
0	102	0	111	0	99	45	43	50	39	51	53	0	95	0	89
45	44	16	86	0	91	0	98	0	86	0	103	42	58	0	102
0	106	0	98	0	107	33	72	0	103	0	92	0	97	0	99
0	101	0	106	0	107	0	120	0	80	0	98	37	49	0	116
0	111	0	94	0	102	0	94	0	108	0	104	47	70	0	112
0	112	0	113	34	61	0	112	0	116	0	102	0	100	0	103
38	51	0	104	0	105	0	99	0	106	0	95	31	62	0	107
35	44	0	101	0	118	0	102	0	90	0	91	42	62	0	104
0	107	0	93	0	93	10	79	0	98	42	60	0	107	0	116
0	93	0	91	0	100	3	89	40	55	0	109	0	86	0	78
0	103	18	83	61	36	0	104	2	104	0	128	0	95	45	50
0	95	17	79	47	46	0	110	0	103	0	103	0	101	59	46
0	94	0	96	0	93	21	72	0	96	0	103	0	101	0	118
0	93	0	91	0	102	0	86	0	109	0	87	21	91	0	95
0	101	0	92	0	95	0	97	0	106	0	101	25	80	0	90
0	104	0	93	0	97	0	103	0	92	0	90	22	61	0	91
0	88	0	106	0	123	0	116	0	96	0	100	27	68	0	86
0	94	0	109	0	93	0	110	36	72	0	98	0	102	0	109
0	110	0	120	0	97	0	121	33	71	0	93	0	110	0	111
0	86	0	89	0	93	4	99	33	41	0	111	0	105	0	122
48	60	16	78	0	126	0	90	0	112	0	117	29	75	0	86
58	47	21	85	0	92	0	106	0	95	0	109	39	65	0	89
29	55	0	97	0	88	0	93	0	107	0	98	34	63	0	102
21	78	0	103	0	94	0	92	0	81	0	96	31	62	0	98
0	109	0	104	0	88	0	95	23	69	0	94	0	104	0	86
0	95	0	89	0	99	0	105	29	72	0	108	0	91	0	88
