R4:alt	R4:ref	R5:alt	R5:ref	R6:alt	R6:ref	R7:alt	R7:ref	R1:alt	R1:ref	R2:alt	R2:ref	R3:alt	R3:ref	R8:alt	R8:ref
0	97	0	86	0	103	0	104	37	58	0	89	0	117	0	107
0	97	0	102	0	111	0	93	31	69	0	91	0	89	0	96
0	95	0	92	0	107	0	109	45	69	0	110	0	97	0	90
0	103	0	97	0	94	0	92	32	65	0	98	0	124	0	93
0	85	0	99	0	81	0	102	41	58	0	92	0	99	0	102
0	102	25	90	0	115	0	101	0	94	0	97	0	130	0	93
0	90	0	90	0	94	0	91	0	93	41	82	0	98	0	95
0	99	0	90	0	85	0	124	0	97	39	65	0	103	0	111
33	74	0	109	0	112	0	102	0	81	0	103	0	106	0	104
0	90	0	102	0	112	0	118	0	95	29	67	0	93	0	98
0	89	0	97	0	95	0	86	0	95	25	79	0	98	0	75
0	82	0	108	0	105	27	69	0	94	0	113	0	97	0	99
0	92	0	86	28	61	0	109	0	111	0	106	0	92	0	109
0	93	8	103	50	48	0	83	0	104	8	105	33	51	58	47
0	103	3	104	48	48	0	102	0	97	12	87	46	56	61	60
42	68	0	114	0	101	0	87	0	87	0	100	0	88	0	91
0	91	25	71	0	105	0	95	0	108	0	92	0	87	0	106
47	45	0	93	0	104	0	103	0	107	0	90	0	107	0	96
0	106	0	102	0	87	0	113	38	69	0	85	0	96	0	95
0	98	0	87	0	101	0	84	0	123	34	65	0	102	0	93
0	89	0	124	36	41	0	90	0	82	0	97	46	53	0	101
0	100	0	92	58	55	0	112	0	103	0	94	46	64	0	96
0	88	0	100	0	81	0	83	0	102	0	112	51	50	0	102
0	77	0	107	0	109	0	99	0	96	0	86	0	96	46	50
0	106	0	100	3	90	0	108	0	95	0	93	0	98	38	45
0	100	0	91	0	108	58	67	0	96	0	91	0	108	0	98
40	84	0	94	0	108	0	100	0	107	0	113	0	113	0	94
37	64	0	106	0	96	0	100	0	111	0	95	0	74	0	99
40	54	0	109	0	92	0	93	0	105	0	102	0	94	0	96
26	52	0	94	0	91	0	87	0	104	0	104	0	94	0	98
0	97	32	56	0	103	0	97	0	102	38	76	0	107	0	99
0	90	0	105	0	114	0	105	0	92	0	107	21	85	0	101
0	112	23	60	0	106	0	98	0	97	0	119	0	110	0	111
0	97	38	54	0	89	0	96	6	77	36	58	0	103	0	102
28	44	0	107	0	107	0	89	0	114	0	97	0	102	0	91
0	110	0	118	0	95	35	58	0	108	0	95	0	87	0	102
53	63	8	96	48	69	0	94	53	65	9	78	37	62	51	56
0	93	0	92	0	101	0	121	0	92	0	102	23	69	0	88
0	90	0	103	0	89	0	105	0	106	0	96	28	77	0	93
0	113	0	99	0	111	0	104	0	97	0	121	37	75	0	111
0	95	0	91	0	97	0	109	0	99	0	103	25	77	0	82
0	103	0	109	0	110	0	91	0	106	40	70	0	83	0	109
0	103	0	104	0	92	0	112	0	95	28	87	0	111	0	98
0	99	43	48	0	102	0	96	0	95	36	63	0	97	0	101
0	115	0	99	43	88	0	116	0	95	0	125	0	107	0	94
0	90	0	93	0	105	48	47	0	106	0	119	0	99	0	94
0	89	44	61	0	94	0	108	7	97	37	61	0	112	0	113
0	105	0	95	0	89	0	69	42	58	0	101	0	98	0	100
0	112	0	106	0	97	0	103	48	71	0	108	0	115	0	93
0	100	28	77	0	84	0	101	0	106	0	84	0	115	0	91
0	101	32	80	0	105	0	92	0	108	0	105	0	100	0	99
47	50	0	96	0	92	0	81	0	90	0	99	0	93	0	101
0	121	0	112	51	57	0	88	0	102	0	96	42	54	0	114
0	100	0	97	58	55	0	93	0	109	0	92	47	49	0	85
0	93	0	119	49	53	0	102	0	109	0	105	0	106	0	97
0	89	0	106	47	65	0	103	0	100	0	88	0	88	0	92
0	106	0	89	45	61	0	106	0	112	0	91	0	115	0	95
0	122	33	55	0	106	0	100	7	86	40	64	0	96	0	88
0	80	40	60	0	110	0	94	6	97	43	64	0	94	0	106
0	106	30	48	0	110	0	109	9	87	44	55	0	96	0	99
0	89	0	117	0	77	0	107	0	99	27	64	0	89	0	109
0	94	0	93	0	102	0	116	0	103	26	66	0	87	0	93
0	99	0	83	0	104	0	106	0	93	31	69	0	133	0	119
0	102	0	109	25	81	0	93	0	88	0	101	0	98	0	85
0	93	0	95	20	66	0	102	0	103	0	89	0	83	0	102
0	112	0	96	0	92	47	59	0	93	0	106	0	106	0	105
0	105	0	96	0	103	44	46	0	86	0	102	0	113	0	83
0	109	0	97	0	103	0	118	0	89	0	98	0	104	46	38
40	62	0	86	0	117	0	111	0	96	0	103	0	106	0	94
40	47	0	88	0	105	0	106	0	98	0	92	0	101	0	92
39	53	0	103	0	104	0	113	0	102	0	89	0	87	0	108
0	124	0	102	56	56	0	98	0	106	0	112	0	94	0	111
0	90	0	100	49	61	0	107	0	103	0	103	0	94	0	87
0	105	0	103	46	63	0	105	0	96	0	88	0	113	0	88
3	101	0	105	0	89	45	47	0	108	0	94	0	92	0	95
0	113	46	59	0	100	0	121	0	101	42	58	0	97	0	107
0	102	0	94	0	87	0	91	0	108	28	71	0	100	0	94
0	94	0	93	0	107	0	80	0	101	29	70	0	115	0	110
0	79	0	108	0	94	0	117	0	110	30	71	0	103	0	90
34	74	0	109	0	107	0	95	0	110	0	111	0	93	0	97
36	68	0	96	0	102	0	84	0	109	0	97	0	111	0	111
0	88	0	91	0	86	0	102	47	50	0	109	0	91	0	92
0	87	0	83	0	104	0	100	32	78	0	96	0	103	0	107
0	90	0	111	0	89	0	71	44	67	0	115	0	98	0	105
0	100	3	82	1	90	0	95	0	113	6	80	0	113	52	50
0	99	0	112	0	103	0	104	0	96	38	59	0	103	0	100
0	99	0	93	0	96	0	107	0	91	32	66	0	102	0	99
0	100	0	105	0	111	0	95	0	102	34	71	0	107	0	102
0	92	31	75	0	83	0	79	0	105	0	121	0	90	0	109
0	112	21	73	0	99	0	78	0	94	0	88	0	101	0	95
0	96	0	68	0	90	58	57	0	95	0	108	0	98	0	84
0	91	0	104	45	57	0	91	0	113	0	103	0	119	0	117
0	88	0	98	45	68	0	99	0	91	0	92	0	110	0	105
0	91	0	93	0	104	0	94	0	88	0	98	0	94	36	76
0	85	0	102	0	102	0	98	0	92	0	89	0	100	24	57
0	91	0	95	0	96	0	83	33	56	0	100	0	110	0	124
0	98	0	94	0	87	0	97	42	49	0	87	0	114	0	102
45	54	0	117	0	109	0	113	0	102	0	88	0	97	0	105
47	64	0	110	0	105	0	98	0	94	0	93	0	100	0	101
0	101	0	100	1	93	0	95	0	108	0	96	0	122	23	71
0	105	46	64	0	104	0	88	0	96	38	61	0	90	0	101
0	109	49	47	0	108	0	94	0	89	40	61	0	100	0	92
0	100	0	84	0	78	34	45	0	108	0	102	0	105	0	100
0	111	0	105	0	100	51	51	0	103	0	115	0	96	0	105
0	106	0	109	0	129	46	68	0	85	0	92	0	90	0	124
39	53	4	94	46	49	0	103	0	95	9	106	44	64	50	41
0	106	25	65	0	107	0	96	0	93	0	107	0	99	0	121
0	101	0	109	0	122	40	58	0	98	0	95	0	93	0	86
0	102	0	113	0	101	30	57	0	137	0	99	0	109	0	107
0	110	0	100	0	106	27	59	0	109	0	102	0	88	0	92
0	106	0	99	0	121	40	62	0	87	0	98	0	111	0	80
36	69	0	95	0	96	0	100	0	94	0	97	0	84	0	91
0	95	0	101	57	40	0	96	0	112	0	102	38	64	0	101
0	105	0	102	0	100	46	52	0	103	0	109	0	98	0	82
0	85	0	85	32	67	0	95	0	96	0	86	0	106	0	100
0	94	0	91	0	82	0	97	0	96	0	92	0	98	55	51
30	67	0	99	0	101	0	103	0	101	0	110	0	99	0	89
