R4:alt	R4:ref	R5:alt	R5:ref	R6:alt	R6:ref	R7:alt	R7:ref	R1:alt	R1:ref	R2:alt	R2:ref	R3:alt	R3:ref	R8:alt	R8:ref
0	113	45	51	0	104	1	94	0	106	6	109	15	75	5	93
28	65	0	106	0	105	0	98	0	92	0	119	0	86	0	89
0	102	0	115	37	84	0	100	0	98	0	93	0	106	0	102
0	96	30	75	0	82	0	97	0	94	0	105	0	103	0	105
0	99	20	65	0	113	0	108	0	107	0	103	0	115	0	110
0	97	0	107	19	77	0	115	0	97	0	112	0	89	0	100
0	101	0	104	0	104	7	108	0	100	0	89	0	95	42	54
0	118	0	92	0	102	15	85	43	42	0	124	0	112	0	109
0	110	0	89	0	87	0	110	0	85	0	107	23	92	0	106
0	111	25	58	0	97	0	94	0	95	0	104	0	91	0	106
0	100	18	65	0	101	0	90	0	93	0	98	0	108	0	90
0	107	0	103	0	90	12	79	0	99	43	49	0	89	54	59
0	104	0	112	0	97	8	81	0	100	40	69	0	108	34	60
18	84	0	98	0	92	0	84	0	97	0	89	0	100	0	114
19	74	0	101	0	99	0	96	0	97	0	98	0	111	0	88
0	103	0	118	0	98	11	79	0	90	0	89	0	100	42	57
0	79	0	102	0	104	15	85	0	100	0	82	0	105	42	63
0	97	24	79	0	113	0	113	0	97	0	98	0	114	0	99
53	60	0	108	39	65	21	74	0	125	0	97	32	67	0	107
45	38	0	123	33	56	19	61	0	94	0	89	43	74	0	90
45	60	0	107	23	70	14	81	0	104	0	101	31	70	0	99
0	101	3	97	0	85	0	91	0	104	0	100	18	72	0	103
0	109	4	103	0	77	0	98	0	111	0	123	20	82	0	98
0	99	6	104	0	100	0	105	0	87	0	115	12	92	0	117
0	90	35	89	0	107	0	98	0	124	0	90	0	103	0	102
0	98	31	71	0	86	0	105	0	110	0	111	0	89	0	96
0	116	34	71	0	102	0	98	0	116	0	107	0	87	0	99
0	104	0	90	0	74	0	119	0	80	33	68	0	80	0	87
0	114	0	116	0	87	0	107	30	68	0	97	0	102	0	93
44	44	0	92	29	65	0	95	0	97	0	97	4	85	0	96
51	45	0	80	0	80	0	112	0	111	0	77	0	95	0	106
50	44	0	107	0	103	0	104	0	103	0	102	0	92	0	110
0	109	0	119	0	96	0	90	0	105	0	75	35	71	0	85
0	90	0	105	0	111	2	81	0	83	0	95	0	94	34	67
0	105	0	104	0	113	3	84	0	96	0	104	0	108	28	60
0	109	43	58	0	104	1	106	0	117	5	82	22	62	5	85
0	103	37	62	0	104	0	96	0	112	3	94	0	101	3	85
52	50	51	45	59	60	34	56	47	50	1	81	50	38	9	98
0	100	0	91	0	124	0	90	0	115	0	111	32	64	0	106
0	94	0	94	0	105	0	89	0	91	0	100	29	85	0	116
0	118	0	105	0	91	0	109	0	72	0	102	34	82	0	112
0	102	22	67	0	100	0	91	0	111	0	99	0	97	0	107
0	81	0	107	0	84	0	95	0	82	23	54	0	103	0	107
0	109	0	93	0	115	0	94	0	95	33	63	0	100	0	92
0	84	0	87	0	87	0	96	0	104	0	97	0	109	29	60
0	87	0	94	0	93	0	86	0	94	0	94	0	97	27	65
43	52	0	115	0	100	0	110	0	105	0	102	5	86	0	99
0	80	0	82	0	104	0	108	0	117	0	115	24	92	0	87
0	109	0	107	0	100	0	96	0	113	0	85	26	90	0	96
0	90	0	86	0	109	0	97	0	101	0	94	26	78	0	94
0	111	0	100	0	101	12	92	0	116	44	60	0	91	43	58
41	53	0	126	0	122	0	87	0	102	0	108	0	103	0	92
0	90	0	91	1	112	22	101	44	50	0	100	0	82	3	99
0	99	0	93	0	94	15	89	48	51	0	96	0	80	0	106
0	88	2	86	0	97	0	101	0	92	0	105	10	80	0	115
0	76	5	96	0	80	0	108	0	106	0	105	12	72	0	116
0	118	4	87	0	88	0	118	0	90	0	97	16	76	0	97
0	97	0	99	0	104	6	85	0	103	0	107	0	98	34	53
0	89	0	95	0	92	9	77	0	108	0	85	0	109	37	54
0	106	0	91	0	109	0	111	53	43	0	89	0	94	0	97
0	83	0	110	0	90	0	102	47	36	0	108	0	110	0	83
0	103	0	100	0	100	0	117	0	105	0	89	34	87	0	100
0	101	0	94	38	70	0	97	0	106	0	103	0	102	0	108
31	60	0	97	0	93	0	96	0	96	0	104	0	120	0	110
0	103	9	91	0	115	14	89	0	102	37	41	0	94	42	41
0	99	39	52	0	110	1	106	0	113	9	104	3	104	4	82
0	89	36	69	0	107	2	87	0	105	7	106	3	111	2	109
0	95	8	92	0	102	0	99	0	121	0	110	12	68	0	114
0	86	7	105	0	100	0	109	0	114	0	91	16	83	0	86
0	90	0	102	35	66	0	94	0	85	0	81	0	104	0	110
0	98	0	102	0	99	15	85	0	97	0	102	0	98	44	66
0	84	0	82	0	110	0	97	0	82	0	82	22	82	0	106
0	99	0	96	0	101	18	98	0	93	57	52	0	82	39	58
0	92	2	93	0	112	0	104	0	86	0	102	16	66	0	77
0	82	2	95	0	81	0	83	0	95	0	97	16	84	0	109
0	101	4	102	0	120	0	102	0	79	0	104	15	73	0	105
31	58	0	99	0	121	0	86	0	102	0	106	0	111	0	111
0	85	0	124	1	102	19	82	49	49	0	98	0	94	0	96
0	111	0	124	0	101	0	116	0	112	33	63	0	101	0	96
0	101	0	106	0	96	0	91	0	109	43	61	0	100	0	102
0	98	0	134	0	105	7	98	0	105	0	85	0	104	45	57
0	115	0	108	26	61	0	116	0	120	0	111	0	114	0	97
0	89	0	89	0	94	0	109	0	101	0	91	33	76	0	120
0	104	0	99	0	92	0	107	37	79	0	107	0	106	0	111
0	97	0	116	0	100	0	121	35	71	0	100	0	119	0	94
0	103	0	95	0	93	8	85	0	102	0	97	0	108	31	66
0	88	0	96	0	100	12	81	0	105	0	102	0	106	42	57
0	108	0	121	0	105	9	86	0	94	0	97	0	106	53	71
0	98	0	106	0	107	12	84	0	93	0	102	0	99	37	54
0	90	7	101	0	104	0	86	0	95	0	97	13	77	0	94
0	89	0	99	0	103	0	105	0	98	33	55	0	107	0	109
0	111	0	95	0	102	0	105	0	99	31	69	0	89	0	102
0	117	39	59	1	102	17	75	52	54	6	89	22	73	4	95
36	61	0	106	0	84	0	86	0	83	0	81	0	113	0	98
35	75	0	77	0	102	0	107	0	89	0	107	0	108	0	98
0	99	0	110	0	106	0	85	31	64	0	87	0	96	0	98
0	120	0	99	0	95	0	112	38	62	0	88	0	97	0	96
0	81	0	104	0	86	20	86	37	51	0	93	0	108	2	95
0	90	0	88	0	100	14	83	44	51	0	88	0	82	1	111
0	96	0	99	0	90	0	109	0	104	0	92	0	105	43	71
0	76	0	113	0	100	0	95	0	105	0	83	0	105	36	67
0	74	0	95	0	100	0	82	0	87	0	83	0	93	20	64
50	52	0	112	32	76	0	100	0	118	0	103	2	100	0	107
52	55	0	105	37	72	0	96	0	83	0	90	4	89	0	101
0	99	0	97	0	97	13	68	0	82	0	99	0	95	48	51
0	85	0	106	0	94	0	106	0	110	39	52	0	91	0	105
0	103	0	115	33	80	0	93	0	86	0	108	0	108	0	90
0	100	0	99	35	75	0	92	0	116	0	97	0	82	0	109
0	103	30	77	0	102	0	114	0	115	0	99	0	102	0	88
0	102	0	90	0	103	0	102	0	94	0	117	24	90	0	110
0	107	7	97	0	94	0	112	0	97	0	103	16	90	0	105
0	103	2	87	0	87	0	94	0	97	0	104	14	78	0	97
0	111	3	103	0	134	0	89	0	110	0	115	18	80	0	93
0	103	6	88	0	122	0	84	0	96	0	79	19	94	0	103
0	93	4	115	0	116	0	106	0	93	0	105	15	90	0	100
31	72	0	85	0	94	0	110	0	101	0	102	0	103	0	123
0	101	33	55	0	98	0	93	0	97	5	99	0	103	4	84
0	103	0	88	0	94	0	85	0	83	0	136	0	106	24	64
0	92	0	111	24	80	0	105	0	96	0	104	0	101	0	94
0	90	0	128	0	84	0	93	0	102	42	67	0	113	0	108
