R4:alt	R4:ref	R5:alt	R5:ref	R6:alt	R6:ref	R7:alt	R7:ref	R1:alt	R1:ref	R2:alt	R2:ref	R3:alt	R3:ref	R8:alt	R8:ref
0	109	0	90	0	87	0	94	0	110	0	92	0	109	22	66
0	92	0	101	0	105	0	101	0	91	0	102	0	93	34	76
0	97	0	83	0	114	0	101	0	101	0	97	0	89	29	77
0	107	37	50	0	100	0	86	0	113	13	102	0	101	0	105
0	103	48	63	0	99	0	106	0	93	13	98	0	88	0	102
0	99	0	99	0	112	28	82	0	99	0	106	0	112	0	94
18	73	0	90	0	97	0	100	0	113	0	106	40	64	12	76
20	95	0	89	0	100	0	96	0	117	0	109	26	59	13	73
5	88	1	99	0	99	0	117	0	102	25	91	0	90	0	100
8	86	6	86	0	104	0	84	0	96	22	68	0	108	0	102
0	83	0	99	47	65	0	108	0	104	0	91	0	90	0	102
13	78	0	102	0	104	0	94	0	117	0	88	30	53	0	97
9	87	0	107	0	115	0	104	0	107	0	107	40	70	0	100
16	102	0	106	0	99	0	90	0	110	0	98	32	76	0	91
0	106	0	111	0	109	0	94	0	89	0	83	0	105	30	75
0	108	0	85	0	77	0	107	0	99	0	99	0	106	21	73
12	90	7	96	2	99	0	108	0	120	0	109	8	73	0	89
0	94	0	106	41	62	0	115	24	70	0	93	0	100	0	98
0	119	0	114	45	45	0	90	11	85	0	94	0	89	0	77
0	90	49	55	0	109	1	86	31	71	28	64	0	87	0	111
0	92	34	74	0	97	0	115	0	103	0	102	0	100	0	97
0	104	0	98	0	111	33	54	0	92	0	93	0	98	0	105
0	97	0	119	0	102	0	110	0	113	0	107	30	88	0	93
0	91	50	50	0	88	0	96	0	113	14	105	0	114	0	120
6	85	6	85	2	98	0	92	0	95	0	93	10	86	0	124
9	88	6	104	1	96	0	100	0	96	0	103	21	79	0	92
9	84	0	99	0	104	0	89	0	117	28	67	0	100	0	99
9	92	1	89	0	95	0	97	0	112	21	87	0	107	0	111
10	81	0	106	0	117	38	50	0	112	2	92	0	96	9	75
0	114	0	105	53	52	0	97	14	86	0	99	0	106	0	108
0	104	0	114	0	98	4	102	21	72	0	104	0	100	0	93
1	108	43	50	0	94	0	99	0	109	20	71	0	102	0	102
1	94	46	46	0	101	0	100	0	101	23	88	0	92	0	115
39	63	5	90	0	95	35	57	3	91	31	71	32	53	48	60
16	71	0	93	0	104	0	104	0	96	0	109	42	66	16	89
0	90	0	102	0	101	0	104	0	89	0	113	0	111	37	85
0	106	0	94	0	123	39	66	0	105	0	102	0	84	0	85
0	94	0	83	0	99	44	65	0	106	0	108	0	107	0	101
5	93	1	124	0	108	0	115	0	105	17	90	0	106	0	109
0	106	0	99	0	113	24	68	0	90	0	109	0	93	0	98
0	102	0	109	0	101	28	70	0	103	0	103	0	110	0	98
0	118	0	91	0	94	0	91	0	126	0	104	29	64	0	85
0	94	0	103	0	103	0	113	0	120	0	107	26	69	0	110
8	94	2	82	0	96	0	91	0	89	0	101	13	91	0	93
13	94	50	37	43	45	0	102	43	43	27	80	13	84	0	93
10	93	49	56	56	50	0	109	36	54	29	89	16	86	1	85
15	88	46	62	43	53	1	99	42	54	35	76	14	84	1	94
13	94	0	90	0	80	12	88	0	120	4	94	0	120	10	65
0	116	0	100	0	111	0	98	0	101	0	111	31	67	0	76
0	105	0	84	0	83	0	93	0	94	0	82	27	75	0	86
0	96	0	102	0	118	0	118	0	91	0	89	22	59	0	91
0	106	0	109	0	110	0	92	0	100	0	110	29	62	0	102
0	111	0	104	0	93	0	102	0	81	0	99	24	65	0	95
0	105	0	92	0	101	4	104	33	71	0	102	0	93	0	98
0	96	0	120	0	87	0	94	0	86	0	96	0	87	34	70
0	87	0	117	0	110	0	111	0	99	0	109	0	92	28	74
0	110	0	85	0	101	0	95	0	77	0	110	0	111	33	59
0	99	47	63	0	110	0	103	0	96	0	97	0	104	0	113
24	76	0	100	0	105	41	54	3	85	24	75	0	107	2	83
0	119	0	109	0	102	0	91	0	100	0	104	0	97	24	78
0	84	0	118	0	95	32	52	0	113	0	90	0	89	0	98
0	99	25	62	0	101	0	101	0	93	0	103	0	109	0	103
0	102	0	96	0	103	27	72	0	104	0	112	0	89	0	95
0	94	0	106	0	111	1	85	23	59	0	117	0	85	0	101
0	119	0	100	0	95	2	94	24	69	0	100	0	104	0	107
0	103	0	91	0	104	41	66	0	108	0	114	0	106	0	106
0	109	0	99	0	87	0	87	0	90	0	98	38	88	0	85
0	81	0	90	0	97	0	107	0	88	0	101	46	71	0	100
0	107	0	90	51	53	0	113	0	125	0	105	0	115	0	89
0	95	0	101	45	66	0	103	0	91	0	96	0	93	0	106
0	109	0	128	41	61	0	100	0	92	0	86	0	88	0	92
12	77	0	93	0	96	0	103	0	94	0	99	38	63	36	60
16	96	0	116	0	104	0	107	0	100	0	72	43	57	47	48
30	100	0	95	0	84	0	107	0	99	0	104	34	52	47	54
0	116	0	85	0	94	32	73	0	91	0	104	0	105	0	117
13	79	0	123	0	102	11	93	0	97	2	85	0	116	8	91
9	89	0	89	0	90	14	97	0	94	5	103	0	104	12	92
0	114	0	97	51	49	0	82	15	81	0	117	0	107	1	116
0	86	0	94	55	42	0	102	19	92	0	96	0	100	0	94
0	111	0	100	37	52	0	107	0	83	0	93	0	92	0	104
0	92	0	95	0	109	0	116	0	116	0	90	0	101	31	74
0	101	0	90	0	97	0	110	0	91	0	102	0	107	28	88
3	109	43	51	0	103	0	120	0	100	13	72	0	112	0	101
0	97	38	54	0	124	0	95	0	90	15	72	0	112	0	97
7	89	59	47	1	102	3	93	25	81	27	73	24	94	0	106
0	89	0	90	0	93	0	91	0	80	0	108	33	70	0	104
0	114	0	93	0	101	31	61	0	101	0	103	0	103	0	108
0	89	0	107	51	65	0	104	19	84	0	107	0	87	0	94
0	114	0	97	52	60	0	79	21	94	0	94	0	104	0	83
20	78	1	105	0	100	43	50	0	92	20	86	0	101	6	104
0	91	0	104	0	96	48	51	0	101	0	94	0	87	0	100
0	93	0	98	37	59	0	110	0	79	0	93	0	111	0	102
0	106	0	120	42	71	0	108	0	101	0	102	0	104	0	125
