R4:alt	R4:ref	R5:alt	R5:ref	R6:alt	R6:ref	R7:alt	R7:ref	R1:alt	R1:ref	R2:alt	R2:ref	R3:alt	R3:ref	R8:alt	R8:ref
0	107	0	116	0	92	0	89	0	113	0	94	19	77	0	90
0	111	0	100	0	94	0	116	0	95	53	65	0	99	0	84
0	107	0	93	0	100	0	82	0	87	41	71	0	88	0	93
0	95	0	106	0	107	0	106	0	102	32	70	0	106	0	92
0	93	0	114	0	111	0	92	0	100	33	69	0	101	0	109
0	85	0	96	18	84	0	103	0	104	0	84	0	112	8	78
0	84	0	86	24	90	0	107	0	109	0	99	0	99	9	85
51	51	0	91	0	106	0	104	0	108	0	115	0	99	0	99
0	75	54	47	0	82	0	103	9	87	0	99	35	76	0	95
0	106	0	87	0	97	9	95	0	86	0	88	0	91	45	60
0	98	26	76	0	97	0	107	0	102	0	94	0	106	0	85
0	98	20	87	0	110	0	102	0	93	0	105	0	95	0	121
70	43	0	80	0	105	0	83	0	101	0	91	0	106	0	105
45	50	0	100	0	100	0	93	0	81	0	103	0	96	0	88
0	95	0	96	25	77	0	104	0	105	0	102	0	88	0	93
0	91	0	98	25	86	0	105	0	84	1	99	0	108	0	93
0	107	0	92	28	85	0	85	0	103	0	109	0	114	0	86
0	91	0	93	23	81	0	106	0	96	0	108	0	102	0	93
0	100	28	79	0	101	0	79	0	103	0	108	0	101	0	107
0	92	21	77	0	95	0	105	0	80	0	120	0	113	0	98
0	99	0	107	0	94	0	110	0	111	1	99	24	83	0	104
0	94	28	70	0	95	0	98	0	124	0	97	0	107	0	111
0	103	14	99	0	86	0	107	0	106	0	89	0	91	0	106
0	117	0	113	24	75	0	87	0	87	0	89	0	101	0	101
0	103	0	97	0	99	0	106	38	65	0	102	0	94	0	108
0	113	0	86	0	102	0	94	30	61	0	110	0	86	0	109
30	65	0	117	0	83	0	116	0	105	0	113	0	89	0	97
0	102	32	61	0	117	0	82	0	114	0	95	0	115	0	106
0	87	0	94	0	103	0	106	38	65	4	86	0	111	0	99
0	106	45	76	0	103	0	101	0	108	0	95	0	106	0	92
0	98	0	105	0	101	42	74	0	108	0	94	0	117	0	96
0	98	0	93	0	98	41	61	0	107	0	112	0	82	0	94
0	97	0	93	19	73	0	92	0	104	0	112	0	104	0	88
0	81	0	90	25	75	0	99	0	88	0	112	0	98	0	97
0	126	0	105	0	100	0	110	0	95	34	57	0	100	0	94
0	87	0	99	0	87	0	93	0	110	47	53	0	101	0	110
0	109	0	99	24	63	0	117	0	103	3	106	0	107	0	131
37	61	0	102	0	94	0	121	0	100	0	112	0	88	0	92
0	112	0	102	20	100	0	98	0	84	0	104	0	100	0	104
0	103	0	100	24	77	0	116	0	96	0	87	0	99	0	90
0	106	0	84	0	101	49	65	0	95	0	106	0	92	0	100
0	101	0	97	0	91	0	111	0	87	0	95	29	69	0	97
31	52	0	106	0	103	0	98	0	97	0	110	0	108	0	104
0	105	0	114	0	97	0	115	37	65	0	94	0	106	0	72
0	98	0	83	0	89	0	104	0	98	0	87	0	90	42	58
0	114	2	80	0	110	0	106	0	107	0	90	0	94	46	56
0	94	0	99	0	86	0	100	0	108	51	59	0	110	0	104
0	97	41	62	0	111	0	97	15	74	0	89	0	98	0	112
0	100	0	98	25	74	0	102	0	95	2	83	0	102	0	105
0	83	0	99	21	83	0	114	0	98	0	98	0	102	0	91
46	67	0	102	0	107	0	113	0	95	0	97	0	100	0	109
0	96	0	107	0	95	0	93	28	63	5	91	0	83	0	108
0	106	0	98	0	99	0	84	37	61	2	111	0	102	0	104
0	94	44	67	0	101	0	87	0	109	0	97	0	98	0	96
29	47	0	104	0	90	0	121	0	94	0	84	0	93	0	103
34	62	0	98	0	118	0	84	0	89	0	94	0	102	0	87
0	101	0	91	0	88	0	88	0	107	0	84	0	101	41	56
0	87	2	95	0	100	5	108	0	104	0	103	0	110	37	58
0	110	37	68	0	95	0	98	0	92	0	93	0	105	0	105
36	68	0	93	0	87	0	107	0	112	0	95	0	93	0	120
0	101	0	100	18	73	0	85	0	107	2	85	0	100	0	90
0	100	0	93	0	106	0	87	0	84	48	72	0	90	0	83
0	109	0	115	0	93	0	100	0	99	37	54	0	93	0	113
0	105	0	114	0	87	0	93	0	114	43	68	0	85	0	93
0	102	0	94	0	108	0	96	0	93	33	60	0	100	0	89
30	62	0	93	0	88	0	110	0	107	0	106	0	125	0	97
0	102	0	108	21	78	0	87	0	111	0	135	0	127	0	103
0	118	0	81	24	85	0	108	0	98	0	94	0	87	14	96
8	117	47	44	2	107	0	102	52	55	6	85	50	42	0	86
5	93	50	41	2	84	0	95	59	41	6	85	47	42	0	120
0	106	0	105	0	92	46	47	0	96	0	113	0	96	0	98
0	134	0	102	0	108	42	64	0	107	0	105	0	107	0	96
0	114	37	62	0	108	0	85	0	106	0	85	0	89	0	82
0	104	0	105	0	120	26	78	0	100	0	96	0	104	0	115
0	86	0	89	0	95	0	118	0	96	0	86	30	92	0	106
0	95	0	111	0	105	0	85	0	112	0	98	0	82	41	60
0	107	0	98	0	103	0	103	0	103	0	103	0	106	34	62
0	93	0	103	0	82	0	99	0	103	0	101	0	97	39	60
48	56	0	104	0	92	0	87	0	104	0	101	0	86	0	102
0	108	0	99	0	97	35	74	0	85	0	126	0	88	0	107
0	116	0	102	0	100	0	105	0	112	36	64	0	91	0	95
0	112	0	93	0	106	0	86	0	104	1	97	20	73	0	89
0	120	0	93	0	91	0	91	16	78	0	86	0	100	0	91
0	111	0	107	0	89	0	87	15	70	0	106	0	80	0	104
0	114	0	95	0	96	0	89	22	65	0	81	0	105	0	113
0	102	0	95	0	117	0	104	26	67	0	95	0	91	0	96
0	95	0	85	0	101	0	114	0	92	0	110	0	104	43	52
0	113	0	105	0	101	0	107	0	105	0	108	0	97	36	63
0	106	0	95	0	99	0	100	0	87	0	100	0	108	41	57
0	90	0	120	0	96	0	110	0	99	0	95	20	59	0	120
0	92	0	101	0	103	0	98	53	72	6	92	0	92	0	90
0	99	0	94	0	78	0	101	43	51	5	112	0	98	0	106
0	101	50	62	0	90	0	100	1	130	0	107	0	96	0	108
0	101	53	48	0	90	0	90	2	92	0	86	0	95	0	109
0	101	40	55	0	93	0	97	1	92	0	101	0	99	0	92
0	101	49	61	0	105	0	120	1	98	0	96	0	92	0	102
0	87	0	117	19	90	0	91	0	94	1	122	0	96	0	87
0	92	0	95	25	68	0	81	0	98	1	92	0	112	0	101
0	87	0	104	0	104	0	105	0	122	0	101	25	84	0	110
46	52	0	113	0	118	0	77	0	95	0	97	0	116	0	95
0	103	0	111	0	95	0	100	0	98	0	103	0	86	42	65
0	105	0	104	0	92	0	92	0	95	0	94	0	109	39	48
35	63	0	92	0	107	0	108	0	96	0	99	0	104	0	112
40	52	0	99	0	105	0	95	0	91	0	116	0	96	0	106
0	107	0	99	24	68	0	99	0	102	50	65	0	108	0	88
0	116	0	108	0	119	23	70	0	92	0	109	0	115	0	121
0	94	0	104	0	112	39	55	0	111	0	94	0	98	0	76
0	98	0	98	0	104	39	74	0	105	0	104	0	103	0	100
0	119	40	64	0	104	0	73	0	92	0	96	0	86	0	109
0	91	0	96	34	78	0	104	0	113	1	105	0	106	0	88
0	88	0	120	0	106	0	92	0	111	38	88	0	102	0	89
0	91	0	85	0	109	0	80	0	106	34	68	0	107	0	104
0	100	0	101	0	94	0	115	0	92	28	68	0	98	0	91
