R4:alt	R4:ref	R5:alt	R5:ref	R6:alt	R6:ref	R7:alt	R7:ref	R1:alt	R1:ref	R2:alt	R2:ref	R3:alt	R3:ref	R8:alt	R8:ref
0	92	0	100	0	108	0	100	0	86	45	39	38	53	0	105
0	108	0	87	0	94	0	85	0	94	47	49	29	71	0	99
47	55	0	103	0	98	0	104	0	98	0	93	0	132	0	94
44	52	0	105	0	112	0	99	0	107	0	110	0	101	0	100
52	50	0	103	0	106	0	88	0	97	0	105	0	94	0	117
0	113	0	97	0	95	0	102	0	107	0	106	0	106	28	76
0	85	0	95	0	85	0	113	0	98	0	110	0	109	26	75
0	101	0	91	0	102	0	111	0	99	0	96	0	114	19	72
0	117	0	100	43	62	0	113	0	120	0	90	0	100	0	99
0	106	9	83	3	92	4	104	58	43	4	86	0	109	0	78
0	91	0	117	0	96	33	60	0	115	0	98	0	84	1	121
0	99	0	96	0	96	0	106	57	63	0	99	0	94	0	116
0	78	27	78	0	106	0	111	0	123	0	95	0	105	12	91
0	87	36	68	0	99	0	119	0	95	0	104	0	96	10	103
0	106	25	63	0	113	0	98	0	102	0	114	0	96	0	101
0	108	31	62	0	99	0	85	0	114	0	124	0	92	0	106
0	94	0	99	0	105	0	120	0	108	0	108	0	95	44	82
0	104	0	99	0	92	0	105	0	123	48	63	0	100	0	89
0	99	0	105	44	60	0	98	0	94	0	97	0	108	0	101
0	108	0	82	0	103	0	104	53	53	0	116	0	102	0	96
0	91	37	82	0	126	0	106	0	86	0	86	0	94	0	91
0	102	30	66	0	95	0	92	0	108	0	107	0	100	0	119
0	110	1	96	0	103	41	53	0	98	0	99	0	98	2	100
43	49	0	120	0	90	0	85	0	84	0	93	0	104	0	89
30	60	0	91	0	87	0	87	0	123	0	115	0	113	0	103
45	64	0	90	0	97	0	93	0	87	0	82	0	121	0	95
54	47	0	99	43	51	0	103	0	115	47	74	49	55	34	58
49	39	0	86	49	46	0	106	0	104	50	58	63	44	45	61
60	61	0	96	45	52	0	101	0	97	42	65	50	43	43	62
62	50	0	100	39	56	0	93	0	110	41	48	50	45	41	61
43	44	0	104	48	53	0	96	0	108	34	49	48	46	36	57
0	88	0	88	0	101	28	62	0	99	0	94	0	87	0	99
0	104	0	88	0	94	0	99	55	42	0	99	0	95	0	102
1	98	0	87	0	115	0	87	0	110	0	82	0	124	41	46
0	92	0	103	0	119	0	91	31	70	0	108	0	95	0	103
0	114	0	95	0	93	0	98	34	79	0	105	0	98	0	96
0	102	0	98	42	66	0	121	0	99	0	100	0	94	0	97
0	106	0	111	52	54	0	103	0	88	0	83	0	101	0	99
0	99	0	104	0	103	30	79	0	107	0	90	0	108	0	99
50	64	0	101	0	104	0	93	0	88	0	91	0	95	0	98
58	56	0	98	0	93	0	91	0	93	0	91	0	115	0	96
0	116	0	99	0	90	0	81	0	116	32	50	0	108	0	105
0	97	0	85	0	85	0	98	0	109	44	75	0	92	0	103
0	81	0	103	0	112	0	103	0	87	0	103	19	72	0	110
0	127	0	83	0	102	33	61	0	99	0	96	0	102	2	93
0	104	44	52	6	89	55	55	46	62	6	104	0	95	14	93
0	103	0	88	0	94	0	100	0	113	35	61	0	102	0	100
0	113	0	96	0	95	0	90	0	91	36	70	0	87	0	107
0	96	22	74	0	101	0	90	0	95	0	107	0	90	0	109
0	103	19	80	0	92	0	101	0	97	0	90	0	97	0	111
41	55	0	106	0	100	0	114	0	108	0	114	0	101	0	111
0	99	0	84	0	109	32	73	0	90	0	86	0	99	0	117
0	110	0	83	0	92	25	73	0	118	0	103	0	108	0	84
0	106	28	72	0	101	0	89	0	115	0	99	0	104	0	105
0	111	0	87	60	65	0	101	0	100	0	92	0	111	0	111
17	74	0	90	0	102	0	121	0	79	0	91	0	95	0	106
14	68	0	107	0	94	0	99	0	104	0	122	0	99	0	109
21	88	0	102	0	82	0	92	0	86	0	104	0	113	0	86
0	99	0	102	0	104	28	63	0	99	0	98	0	118	1	108
0	100	0	106	0	107	31	67	0	104	0	102	0	93	2	106
15	92	0	129	0	95	0	106	0	102	0	112	0	94	0	107
21	80	0	105	0	98	0	103	0	73	0	108	0	98	0	107
22	87	0	106	0	107	0	95	0	95	0	106	0	122	0	90
0	95	0	92	0	106	0	91	0	110	0	82	0	120	34	61
0	92	0	104	0	91	0	96	0	88	0	110	0	102	40	54
0	110	0	80	0	101	41	65	0	105	0	83	0	100	0	110
0	91	0	99	42	73	0	109	0	76	0	115	0	104	0	116
0	94	0	103	0	103	0	102	0	90	38	49	0	107	0	105
0	103	0	101	26	69	0	86	0	99	0	94	0	90	0	82
0	119	0	89	0	74	0	93	0	108	39	55	0	100	0	103
0	90	0	81	0	97	0	96	0	98	40	86	0	85	0	106
0	100	0	93	0	97	36	73	0	110	0	91	0	98	0	122
0	99	26	80	0	83	0	91	0	94	0	97	0	100	0	105
0	98	0	110	0	100	0	86	0	91	0	94	0	107	33	58
0	127	0	113	0	112	45	54	0	102	0	91	0	108	2	99
0	101	0	97	0	116	37	59	0	96	0	91	0	92	0	87
0	96	0	102	0	98	0	106	0	98	0	108	26	71	0	102
0	108	0	103	0	106	0	94	0	113	19	87	0	111	0	93
45	60	0	116	0	94	0	88	0	87	0	95	0	91	0	83
0	121	25	74	0	86	0	84	0	94	0	105	0	101	0	98
0	110	0	110	0	95	0	86	0	108	12	87	28	68	0	101
0	87	0	93	0	94	0	94	0	109	0	121	0	119	28	62
0	103	0	111	0	118	0	97	0	93	0	105	0	115	33	76
0	95	0	114	0	106	0	86	0	100	0	98	0	102	20	78
0	110	0	93	0	114	0	100	0	88	0	111	0	109	38	57
0	94	0	102	0	109	0	87	0	106	0	128	0	101	30	56
0	97	0	109	0	106	43	63	0	85	0	114	0	110	0	77
0	107	0	95	0	103	28	71	0	84	0	98	0	102	0	105
40	61	0	104	0	96	0	106	0	98	0	90	0	103	0	98
0	82	0	100	26	62	0	92	0	94	0	89	0	96	0	127
0	105	0	101	5	95	0	100	53	71	6	96	0	106	0	76
0	106	0	114	0	118	0	97	0	122	22	63	0	114	0	125
0	101	0	104	0	120	0	95	0	98	0	113	0	114	34	64
0	101	0	116	0	107	0	107	0	86	0	109	0	90	30	68
2	97	0	95	39	70	0	88	0	101	43	56	44	69	34	44
0	109	0	80	0	101	0	83	0	85	0	98	0	96	35	77
43	51	0	74	0	97	0	86	0	72	0	83	0	100	0	98
0	111	0	106	43	58	0	106	0	89	0	97	0	108	0	86
0	97	36	70	4	122	6	87	61	55	7	78	0	98	11	102
0	88	0	99	0	84	0	101	0	104	0	84	0	94	31	86
0	105	0	89	0	77	0	100	0	110	43	68	0	104	0	108
0	103	13	78	0	108	44	52	0	95	0	99	0	104	1	94
0	111	35	77	0	94	0	89	0	108	0	92	0	117	0	117
0	85	0	90	0	88	0	97	0	94	39	63	0	103	0	95
0	109	0	112	0	102	0	104	0	86	33	60	0	78	0	99
0	99	0	109	0	100	0	99	45	66	0	99	0	96	0	129
0	91	0	109	0	118	0	97	63	68	0	97	0	92	0	103
0	106	0	106	0	93	0	103	0	99	0	107	0	88	33	64
0	93	32	66	0	90	0	125	0	109	0	99	0	105	0	108
0	109	0	104	0	93	0	99	0	97	24	72	0	117	0	104
0	92	0	119	0	104	0	92	0	124	26	96	0	109	0	103
0	100	0	90	0	95	0	91	0	87	29	92	0	97	0	100
0	108	0	104	0	106	0	99	0	111	18	64	0	97	0	100
