R4:alt	R4:ref	R5:alt	R5:ref	R6:alt	R6:ref	R7:alt	R7:ref	R1:alt	R1:ref	R2:alt	R2:ref	R3:alt	R3:ref	R8:alt	R8:ref
25	72	0	99	0	90	0	101	0	105	0	99	0	105	0	103
43	60	52	46	0	115	0	104	0	104	0	97	0	92	0	103
36	62	55	50	0	89	0	101	0	92	0	83	0	92	0	122
35	57	59	57	0	96	0	98	0	90	0	88	0	86	0	110
0	106	0	103	0	92	0	93	0	99	25	80	0	94	0	85
0	100	0	112	0	97	0	92	0	97	21	50	0	120	0	101
0	102	0	96	0	98	0	103	0	89	33	76	0	97	0	104
0	96	0	90	0	100	0	106	27	72	0	100	33	71	0	103
0	87	0	103	2	103	1	112	0	99	29	56	0	95	0	98
22	79	0	90	0	102	0	99	0	95	0	104	0	109	0	112
0	99	0	110	0	109	0	87	0	103	25	86	0	103	0	104
0	96	49	48	0	103	0	102	0	83	0	107	0	105	0	93
0	119	0	94	50	44	0	104	0	97	0	101	0	75	0	94
0	92	0	96	49	52	0	95	0	107	0	98	0	110	0	97
0	98	0	102	0	93	48	50	0	111	0	85	0	91	0	72
0	91	0	106	0	112	0	94	0	114	0	98	0	86	46	52
27	70	0	120	0	108	0	115	0	103	0	102	0	98	0	104
0	99	0	81	35	70	0	106	0	86	0	112	0	98	0	113
0	112	0	80	0	93	0	98	0	107	23	83	0	100	0	101
0	93	0	95	0	85	0	86	0	93	22	71	0	99	0	89
0	92	0	90	0	104	0	102	0	99	0	109	38	73	0	92
38	55	73	47	0	114	0	122	0	102	0	104	0	117	11	71
41	70	74	50	0	95	0	93	0	110	0	93	0	104	14	78
55	51	46	44	2	94	0	108	16	84	0	79	1	81	53	58
0	87	0	92	0	87	0	95	42	61	0	117	56	46	0	99
0	92	0	90	0	108	0	93	28	65	0	91	30	59	0	103
0	99	0	94	0	103	0	112	29	80	0	85	33	54	0	121
0	86	0	102	0	111	0	105	0	103	37	84	0	104	0	114
0	113	0	102	0	113	0	83	0	108	22	68	0	95	0	110
0	100	0	99	4	116	0	108	0	108	0	100	2	103	44	61
0	108	0	99	2	79	0	88	0	85	0	88	0	92	46	62
0	95	0	106	2	99	0	104	0	88	0	98	6	98	48	52
0	94	0	93	1	105	0	119	0	102	0	112	2	88	39	54
0	93	0	94	0	97	36	52	0	96	0	104	0	101	0	110
11	97	0	122	0	108	0	104	13	66	0	97	0	108	0	103
12	95	0	102	0	104	0	79	10	79	0	102	0	110	0	95
36	59	0	103	0	103	0	94	0	100	0	100	0	101	0	103
32	75	0	95	0	84	0	93	0	85	0	114	0	92	0	108
30	59	0	84	0	108	0	124	0	95	0	102	0	95	0	106
0	84	0	101	0	116	0	95	0	114	0	72	0	85	40	65
0	96	0	96	0	94	0	106	0	127	0	94	0	101	45	63
32	46	56	45	0	95	0	83	0	100	0	93	0	102	0	89
37	72	42	51	0	100	0	103	0	99	0	109	0	100	0	100
0	107	0	101	39	71	0	106	0	90	0	90	0	107	0	100
0	112	30	57	0	93	0	95	0	78	0	100	0	94	0	89
0	102	45	75	0	119	0	114	0	99	0	101	0	112	0	97
0	94	35	62	0	112	0	104	0	86	0	106	0	95	0	113
0	94	0	92	0	114	0	100	0	107	0	99	0	88	38	67
0	94	0	103	0	83	0	94	0	82	0	86	0	92	40	58
0	95	0	100	0	91	0	119	0	89	20	84	0	90	0	102
33	58	0	100	0	114	0	95	0	94	0	94	0	100	0	92
27	66	0	120	0	108	0	90	0	114	0	102	0	96	0	121
0	113	53	50	0	103	0	110	0	117	0	90	0	103	0	105
0	81	38	61	0	102	0	100	0	105	0	106	0	76	0	98
0	101	0	86	0	108	0	90	0	96	0	110	0	97	42	49
0	104	0	93	0	107	0	100	0	95	0	97	0	94	39	66
0	88	0	95	0	115	0	105	0	97	0	106	0	101	38	56
0	112	0	102	0	106	0	101	0	119	0	99	0	107	35	71
0	134	0	92	1	108	0	107	0	92	0	84	1	99	36	54
0	118	0	97	2	96	0	115	0	97	0	114	1	104	46	58
0	123	24	76	0	93	0	113	0	83	0	101	0	102	0	102
0	111	28	64	0	84	0	83	0	94	0	95	0	89	0	115
0	98	18	73	0	95	0	79	0	100	0	109	0	96	0	82
0	110	0	96	0	100	0	97	35	77	0	109	43	44	0	100
0	83	0	102	19	81	0	87	0	100	0	116	0	123	0	101
33	73	0	100	0	99	0	76	0	86	0	88	0	109	0	101
0	112	0	109	0	101	0	98	0	92	35	78	0	82	0	103
0	95	0	100	0	95	0	86	0	82	27	76	0	99	0	97
0	105	0	99	0	86	0	113	0	104	0	105	42	70	0	89
0	106	0	95	0	107	0	117	0	102	0	102	49	72	0	98
0	89	0	100	0	101	0	104	28	86	0	99	0	103	0	108
0	104	0	95	0	87	0	127	0	103	0	104	0	100	43	59
0	78	0	101	0	107	0	108	0	102	0	108	0	101	48	56
0	92	0	99	0	89	49	51	0	104	0	93	0	99	0	108
0	112	0	115	0	115	0	103	0	98	21	67	0	108	0	78
0	93	0	117	0	106	0	102	0	80	20	78	0	93	0	86
12	84	0	120	0	92	0	98	6	102	0	110	0	100	0	94
37	66	0	108	0	94	0	110	0	96	0	95	0	110	0	90
38	41	0	85	0	106	0	104	0	86	0	112	0	87	0	85
0	79	0	104	44	75	0	78	0	88	0	123	0	106	0	104
0	98	0	101	40	62	0	94	0	91	0	112	0	105	0	89
0	98	0	96	43	49	0	97	0	107	0	123	0	97	0	118
0	103	0	93	0	120	22	61	0	90	0	103	0	106	0	92
0	83	0	113	0	88	0	102	0	88	0	91	25	75	0	79
0	99	0	99	0	93	0	100	0	90	0	131	35	66	0	91
42	60	0	97	0	101	0	97	0	92	0	109	0	92	0	101
8	84	0	80	0	110	0	83	14	100	0	100	0	87	0	96
10	100	0	102	0	97	0	100	10	99	0	97	0	106	0	92
0	108	0	109	0	90	0	85	0	100	0	84	33	65	0	99
0	92	0	96	0	81	0	104	0	107	0	100	39	74	0	101
0	108	0	101	0	102	0	81	23	97	0	111	42	70	0	88
0	90	26	87	0	92	0	92	0	90	0	100	0	96	0	96
26	69	0	96	0	92	0	100	0	103	0	99	0	92	0	103
30	69	0	110	0	102	0	101	0	105	0	104	0	84	0	121
0	115	0	95	0	107	0	82	0	102	37	57	0	95	0	93
0	95	0	98	0	97	0	113	0	88	26	68	0	99	0	96
0	73	0	121	0	107	0	103	0	108	33	81	0	112	0	94
0	107	0	79	24	64	0	98	0	97	0	85	0	94	0	87
0	89	0	87	0	94	54	50	0	97	0	102	0	87	0	107
0	100	0	84	0	103	45	53	0	106	0	94	0	96	0	109
0	103	0	95	0	114	59	48	0	91	0	98	3	110	0	90
0	109	0	91	0	103	56	66	0	97	0	90	0	102	0	101
0	115	51	48	0	109	0	97	0	91	0	103	0	114	0	105
25	61	50	43	0	96	0	85	0	101	0	95	0	87	13	90
38	41	53	46	0	105	0	112	0	102	0	110	0	99	13	104
12	104	0	83	1	90	0	94	8	105	0	102	2	90	37	57
15	100	0	87	2	70	0	83	10	79	0	88	2	111	56	58
0	104	0	111	0	92	0	95	0	101	19	74	0	99	0	96
0	89	0	86	0	100	22	68	0	91	0	98	0	114	0	77
0	102	0	95	0	99	24	61	0	93	0	98	0	90	0	115
0	76	0	116	0	111	0	103	20	69	0	108	35	53	0	107
0	100	0	84	0	106	0	88	30	73	0	91	36	65	0	106
0	114	0	95	0	97	0	93	0	92	22	90	0	106	0	90
0	96	0	108	0	115	0	87	0	98	28	79	0	99	0	96
36	64	0	98	0	88	0	101	0	113	0	102	0	108	0	99
35	70	0	113	0	108	0	93	0	117	0	105	0	99	0	99
0	105	0	102	0	107	18	64	0	95	0	107	0	94	0	79
0	98	0	105	0	102	30	77	0	90	0	98	0	96	0	79
0	85	0	115	0	85	0	90	0	120	0	92	0	110	37	60
0	100	0	100	0	113	0	118	0	95	0	111	0	92	35	64
34	80	0	96	0	113	0	99	0	104	0	84	0	114	0	98
0	127	0	89	0	97	48	43	0	91	0	103	4	110	0	105
0	107	0	105	0	114	49	40	0	105	0	97	5	86	0	85
