R4:alt	R4:ref	R5:alt	R5:ref	R6:alt	R6:ref	R7:alt	R7:ref	R1:alt	R1:ref	R2:alt	R2:ref	R3:alt	R3:ref	R8:alt	R8:ref
12	82	51	42	0	106	23	85	0	83	0	89	1	97	0	95
0	110	0	101	0	109	0	97	5	93	0	94	51	48	0	95
0	101	0	116	0	100	0	106	0	102	0	105	0	76	35	70
0	90	0	99	0	113	0	109	0	77	0	88	0	117	36	68
0	92	0	83	0	105	29	76	0	89	0	84	0	101	0	96
0	100	0	112	0	117	22	55	0	101	0	115	0	91	0	104
0	108	0	106	0	83	27	77	0	103	0	93	0	111	0	98
0	78	0	89	0	93	0	118	0	87	0	105	0	107	32	59
0	86	0	108	0	109	0	100	0	103	0	118	0	101	27	68
34	64	0	117	0	73	0	109	0	114	0	95	0	85	0	109
30	80	0	91	0	96	0	103	0	84	0	102	0	100	0	114
0	102	0	89	29	64	0	87	0	88	0	82	0	113	0	94
0	98	0	96	0	93	0	112	0	86	0	93	34	76	0	102
0	88	0	118	0	84	0	119	0	101	0	98	26	70	0	91
0	118	44	49	0	106	0	97	0	100	0	90	0	105	0	104
0	96	39	40	0	93	0	109	0	101	0	96	0	108	0	110
0	100	54	43	0	115	0	100	0	101	0	107	0	103	0	99
0	83	0	91	1	88	0	109	0	86	0	105	0	97	42	57
0	98	0	86	0	100	0	89	0	110	0	106	0	91	41	58
0	102	0	110	0	104	0	94	2	104	0	97	33	68	3	112
0	129	0	97	31	63	0	102	0	74	0	99	0	109	2	84
0	104	49	47	0	82	0	95	0	122	0	109	0	89	0	98
0	82	0	108	0	111	0	103	19	81	0	92	0	83	0	101
0	94	0	110	0	105	0	107	23	81	0	85	0	100	0	110
0	87	0	115	0	96	0	95	18	79	0	95	0	100	0	73
0	118	0	104	0	96	0	92	0	104	0	104	31	76	0	119
0	97	0	92	0	89	26	77	0	97	0	87	0	102	0	98
6	91	2	94	51	49	26	67	21	80	52	65	47	62	39	42
29	74	0	97	0	107	0	96	18	95	0	113	0	103	0	86
0	106	0	105	0	94	29	70	0	113	0	109	0	99	0	96
0	100	0	102	0	101	22	75	0	109	0	117	0	104	0	110
0	94	0	83	0	93	0	85	0	114	0	99	0	108	35	52
0	102	0	109	2	120	0	99	0	109	0	88	0	103	39	58
0	104	0	98	1	86	0	106	0	110	0	95	0	100	37	58
0	97	0	102	0	95	0	93	0	92	0	92	0	99	48	41
0	102	0	119	0	84	0	92	18	79	0	96	39	62	8	87
0	106	0	86	0	77	0	117	21	78	0	111	0	111	0	105
0	105	0	90	0	96	0	104	22	94	0	90	0	106	0	103
0	93	40	60	0	96	0	102	0	105	0	99	0	95	0	99
0	135	0	88	1	85	0	92	0	95	1	120	0	100	44	46
0	96	0	114	0	101	0	102	0	98	0	108	35	65	0	92
0	91	0	102	0	81	33	80	0	113	0	94	0	98	0	101
0	94	0	109	0	110	0	94	23	84	0	99	0	110	0	99
0	89	0	84	0	110	0	100	22	92	0	113	0	109	0	108
0	109	0	104	0	89	0	122	23	92	0	112	0	95	0	98
0	118	38	54	0	113	0	80	0	83	0	84	0	101	0	94
0	84	37	48	0	84	0	98	0	96	0	108	0	110	0	103
0	106	46	54	0	98	0	86	0	107	0	105	0	112	0	103
0	83	52	52	0	109	0	101	0	106	0	103	0	114	0	96
8	77	0	87	7	91	2	93	0	85	0	93	0	127	0	103
40	73	0	94	0	91	0	109	0	97	0	107	0	98	0	94
0	110	0	88	0	92	0	101	24	94	0	97	0	82	0	84
0	109	0	101	0	112	0	93	0	91	0	88	0	108	35	72
47	66	48	57	2	93	21	62	21	76	0	82	3	86	0	97
34	62	57	46	0	116	23	81	18	68	0	86	4	95	0	96
0	97	4	86	0	116	0	95	0	94	45	67	0	89	0	108
0	96	0	81	0	99	27	69	0	91	0	95	0	95	0	103
0	90	0	106	0	95	30	68	0	100	0	99	0	92	0	93
0	89	30	84	0	94	0	94	0	98	0	104	0	101	0	93
0	99	25	78	0	83	0	78	0	88	0	91	0	103	0	114
0	106	0	102	0	112	37	82	0	87	0	102	0	94	0	110
0	98	0	105	24	85	0	99	0	100	0	97	0	117	0	102
0	99	0	111	0	93	0	90	17	76	0	102	0	91	0	100
0	95	0	91	0	89	0	103	27	76	0	110	0	80	0	113
0	104	0	93	0	100	0	100	0	100	0	90	0	92	40	67
0	84	0	107	0	91	27	68	0	96	0	90	0	73	0	89
0	102	0	91	0	112	38	71	0	94	0	99	0	84	0	101
0	89	0	81	0	77	0	106	0	97	0	83	22	78	0	109
0	100	0	124	0	99	0	99	0	97	0	104	18	77	0	108
0	109	0	89	0	106	0	99	27	71	0	107	36	55	3	96
0	105	0	89	0	86	0	95	26	88	0	110	46	54	3	105
0	98	0	92	27	73	0	117	0	102	0	91	0	96	0	82
0	109	0	93	32	67	0	105	0	111	0	98	0	98	0	105
0	96	0	109	21	59	0	97	0	106	0	104	0	103	0	96
12	107	0	100	49	46	2	106	36	71	1	89	45	56	43	51
6	98	0	107	40	56	2	109	13	66	1	96	47	60	51	53
0	118	0	94	0	106	0	85	0	84	0	94	0	106	38	62
0	99	0	95	0	91	0	105	23	72	0	103	0	88	0	94
0	91	0	99	0	99	0	109	21	72	0	97	0	106	0	116
0	110	0	97	0	111	0	117	25	81	0	101	0	118	0	98
0	107	3	110	0	90	0	109	0	110	50	54	0	108	0	114
0	86	0	106	0	104	28	65	0	88	0	106	0	107	0	115
0	114	0	100	0	87	0	113	0	92	27	66	0	115	0	118
0	101	0	90	0	112	0	117	0	110	24	91	0	112	0	123
0	104	4	91	0	93	29	75	0	100	60	56	1	110	0	97
0	107	3	110	0	86	27	95	0	95	47	42	1	109	0	96
0	94	0	113	0	93	0	95	17	85	0	119	0	99	0	103
0	120	0	86	0	111	0	87	2	117	0	72	55	65	2	88
0	96	0	129	0	83	0	98	4	103	0	97	54	58	3	120
0	82	0	96	0	88	0	94	3	93	0	94	43	69	4	94
0	101	22	64	0	109	0	98	0	115	0	108	0	95	0	95
0	88	0	107	0	117	0	84	21	83	0	106	0	120	0	93
0	101	0	81	0	109	0	98	13	87	0	98	0	104	0	106
0	99	0	71	0	95	0	107	24	68	0	107	0	109	0	91
0	94	34	64	0	112	0	89	0	103	0	115	0	109	0	91
0	95	20	66	0	107	0	100	0	84	0	100	0	93	0	105
0	105	0	97	0	108	27	68	0	114	0	92	0	107	0	95
0	78	0	104	0	101	32	64	0	108	0	85	0	102	0	104
0	97	0	110	1	107	0	96	0	102	1	119	0	107	32	56
0	88	0	102	0	90	0	118	0	118	17	81	0	95	0	106
0	109	0	97	0	102	0	100	0	76	19	83	0	94	0	108
0	101	0	112	0	97	0	103	0	108	0	98	0	115	44	68
0	104	0	113	0	88	0	97	0	108	0	90	0	104	51	66
46	47	49	47	0	100	17	73	21	75	0	103	2	89	0	119
0	105	0	104	0	114	27	68	0	94	0	98	0	101	0	91
0	100	0	96	0	89	0	101	0	103	22	77	0	87	0	106
0	88	0	97	0	97	0	117	0	99	0	101	21	71	0	94
0	97	0	113	23	66	0	105	0	95	0	96	0	85	0	99
0	117	0	91	0	86	30	62	0	91	0	106	0	89	0	108
0	118	0	107	0	109	34	62	0	107	0	94	0	97	0	91
0	103	0	99	0	106	27	65	0	89	0	99	0	92	0	93
41	53	0	102	0	107	0	101	0	97	0	88	0	96	0	96
34	65	0	99	0	97	0	102	0	99	0	98	0	89	0	94
38	70	0	91	0	91	0	122	0	105	0	102	0	96	0	89
0	100	0	91	0	96	0	92	21	86	0	90	56	53	58	55
0	113	0	125	0	81	0	106	0	97	0	81	23	61	0	93
0	98	0	109	0	100	0	105	0	104	0	105	21	73	0	98
0	94	0	92	0	97	34	66	0	90	0	92	0	98	0	97
0	105	0	97	0	84	24	64	0	107	0	94	0	95	0	81
0	109	0	110	0	92	29	67	0	95	0	84	0	99	0	115
0	94	40	60	0	95	0	110	0	101	0	92	0	110	0	105
0	105	0	103	0	100	0	112	28	82	0	102	0	95	0	87
0	111	0	109	0	99	0	103	24	96	0	97	0	98	0	106
0	87	0	98	0	108	0	90	11	98	0	95	0	105	0	99
0	88	0	94	40	51	1	91	6	105	0	105	0	103	3	88
4	107	0	98	53	52	1	109	6	104	0	119	0	116	2	91
0	94	0	74	2	102	0	103	0	102	1	106	0	109	42	47
0	107	0	90	0	118	0	114	0	109	1	98	0	109	47	47
0	85	0	113	0	114	23	73	0	82	0	98	0	113	0	89
0	117	0	113	0	106	13	75	0	91	0	98	0	114	0	84
0	100	43	56	0	85	0	82	0	103	0	99	0	99	0	86
0	103	56	53	0	78	0	123	0	90	0	90	0	108	0	118
0	117	0	90	0	114	0	120	0	102	27	76	0	90	0	97
