R4:alt	R4:ref	R5:alt	R5:ref	R6:alt	R6:ref	R7:alt	R7:ref	R1:alt	R1:ref	R2:alt	R2:ref	R3:alt	R3:ref	R8:alt	R8:ref
0	96	0	101	7	105	0	100	48	45	0	95	0	78	0	102
0	88	0	105	0	107	0	92	0	83	0	102	32	76	0	101
0	85	0	98	0	102	35	79	0	109	0	105	0	92	0	94
0	87	0	100	0	84	0	114	31	61	0	94	0	88	0	107
0	102	0	125	25	76	0	116	0	111	0	98	0	112	0	89
35	60	0	96	0	116	0	104	0	105	0	87	0	120	0	100
35	61	0	77	0	114	0	93	0	100	0	104	0	100	0	108
0	93	0	101	0	102	31	54	0	103	0	87	0	106	0	92
0	97	0	102	29	66	0	92	0	98	0	102	0	116	0	93
0	104	0	98	12	89	2	97	0	111	5	103	56	42	0	92
0	107	0	105	10	113	1	103	0	98	8	76	44	52	0	96
0	107	0	81	0	108	0	105	0	80	0	88	31	88	0	94
0	101	0	77	0	84	0	96	0	99	0	112	19	84	0	91
0	90	0	96	0	117	0	85	0	86	0	98	23	63	0	103
0	98	0	102	0	97	0	116	0	105	0	116	29	57	0	88
0	111	0	101	0	82	0	108	0	96	0	112	30	79	0	103
0	103	0	115	0	103	0	102	0	93	0	94	0	99	33	75
48	53	0	93	0	98	0	101	0	120	47	54	0	102	0	64
57	56	0	103	0	88	0	101	0	107	30	51	0	88	0	91
37	52	0	93	0	84	0	95	0	99	32	65	0	99	0	84
37	59	0	82	0	88	0	97	0	105	25	62	0	102	0	103
0	109	0	103	0	95	23	65	0	113	0	97	0	101	32	55
0	98	37	76	36	56	0	86	1	101	0	114	0	94	0	89
0	102	51	66	41	56	0	118	1	109	0	88	0	94	0	110
0	114	0	93	0	105	0	96	35	71	0	113	0	93	0	93
0	101	0	109	0	86	0	105	42	53	0	99	0	90	0	89
38	78	0	120	0	92	0	81	0	92	0	102	0	95	0	88
0	121	0	83	0	104	0	83	0	86	0	132	24	82	0	84
0	96	0	82	0	103	0	84	0	87	0	107	21	89	0	90
0	98	59	54	30	50	34	73	2	101	0	93	0	91	52	53
0	123	0	102	0	92	0	98	0	98	1	109	27	73	0	97
0	100	0	104	0	100	0	90	0	102	0	125	20	88	0	111
0	90	0	100	0	99	0	86	0	106	0	110	17	74	0	95
0	90	0	95	0	101	0	96	0	100	0	90	29	73	0	106
0	112	0	103	0	82	22	81	0	93	0	103	0	100	0	102
0	130	0	110	0	113	36	82	0	91	0	100	0	105	0	129
0	103	0	102	0	92	0	103	0	96	0	95	0	101	21	74
50	46	0	89	0	99	35	58	2	101	34	73	0	88	3	89
65	51	0	94	0	103	27	63	1	115	45	71	0	104	4	101
0	86	0	95	0	112	0	81	42	58	0	107	0	89	0	102
31	62	0	103	0	83	0	113	0	86	0	103	0	100	0	95
0	101	0	98	0	95	0	99	36	74	0	94	0	110	0	101
0	117	0	98	0	102	0	109	26	79	0	85	0	105	0	103
0	104	0	111	0	91	0	98	0	94	36	69	0	103	0	93
0	95	0	106	0	97	0	114	0	105	34	64	0	106	0	97
0	111	0	104	0	98	0	87	0	115	30	47	0	98	0	101
0	95	0	75	30	71	0	93	0	87	0	104	0	109	0	111
0	104	0	81	19	81	0	100	0	94	0	89	0	102	0	115
0	100	0	117	22	68	0	98	0	89	0	96	0	98	0	100
0	101	0	101	27	80	0	105	0	101	0	107	0	85	0	95
0	104	0	99	26	66	0	103	0	104	0	100	0	107	0	87
0	93	0	97	0	136	0	113	0	93	0	109	0	114	29	81
0	109	20	94	36	61	0	107	0	109	0	90	0	89	0	81
0	91	16	78	41	55	0	107	0	93	0	101	0	108	0	98
0	107	0	89	0	100	35	65	0	124	0	107	0	90	58	62
39	65	0	103	0	111	0	102	0	107	0	77	0	116	0	85
35	56	0	93	0	113	0	88	0	102	0	105	0	97	0	100
32	80	0	105	0	95	0	94	0	100	3	104	0	105	0	96
53	54	0	94	0	106	0	94	0	99	26	67	0	99	0	110
52	59	0	85	0	98	0	97	0	93	37	60	0	114	0	121
0	101	53	44	54	49	14	77	49	49	13	101	57	60	45	51
0	98	40	43	48	62	39	77	40	49	7	99	46	45	48	55
0	93	0	90	0	104	26	77	0	96	0	94	0	96	0	112
0	87	0	87	0	89	31	67	0	105	0	102	0	102	0	104
0	94	0	106	0	105	0	106	0	103	0	87	0	89	19	77
0	103	0	101	0	92	0	91	0	106	0	109	0	100	26	66
0	80	0	120	0	101	0	109	48	65	0	106	0	102	0	104
52	75	0	106	0	103	0	91	0	82	0	97	0	110	0	90
0	105	0	109	26	87	0	99	0	102	0	90	0	90	0	110
0	114	0	97	24	75	0	92	0	118	0	91	0	101	0	114
0	82	0	90	0	95	24	69	0	86	0	95	0	106	43	55
0	100	0	114	0	102	0	100	0	100	2	102	27	76	0	109
0	92	0	101	0	97	0	115	0	116	5	105	30	56	0	85
37	63	0	101	0	109	0	108	0	93	0	97	0	94	0	103
34	54	0	96	0	103	0	93	0	83	0	104	0	93	0	81
39	68	0	87	0	118	0	89	0	95	0	105	0	103	0	99
0	96	0	84	21	70	0	95	0	99	0	105	0	98	0	106
0	101	13	104	34	58	0	117	0	92	0	94	0	106	0	86
0	94	19	82	41	61	0	88	0	90	0	74	0	95	0	113
0	96	59	43	37	61	27	73	1	99	6	93	52	40	36	48
0	96	58	54	36	58	28	73	2	91	4	99	46	46	43	63
42	57	0	107	0	109	0	84	0	82	0	106	0	120	0	91
45	78	0	83	0	122	0	106	0	84	0	92	0	92	0	103
0	105	0	101	0	103	0	88	0	101	0	111	25	74	0	101
0	90	0	109	0	92	0	92	0	85	0	83	23	67	0	109
0	104	0	100	9	90	0	98	0	111	4	80	55	61	0	128
0	95	0	96	7	89	0	122	0	95	5	101	49	45	0	74
0	93	0	92	12	102	0	115	0	124	5	109	47	46	0	109
0	99	0	99	0	89	0	106	0	109	26	81	0	94	0	86
35	57	0	90	0	115	0	95	0	99	38	59	0	89	0	79
0	99	20	75	39	76	0	71	0	104	0	94	0	98	0	96
0	101	20	102	29	53	0	104	0	112	0	87	0	100	0	96
0	94	0	98	0	109	0	96	0	106	28	67	0	94	0	111
0	104	0	112	0	106	0	117	0	100	40	50	0	97	0	93
0	92	0	98	0	90	0	99	0	106	39	64	0	113	0	121
0	97	53	67	43	77	0	88	0	106	0	90	0	98	9	78
0	97	0	75	0	117	24	93	0	122	0	87	0	116	42	39
0	118	0	80	0	126	0	101	0	108	0	91	14	89	0	93
23	58	0	96	0	88	0	89	0	93	0	86	0	110	0	101
0	91	0	95	0	114	0	112	0	114	1	107	23	75	0	107
38	50	0	83	0	95	0	109	0	100	0	104	0	99	0	115
44	51	0	89	0	86	0	78	0	90	0	82	0	103	0	99
0	105	52	46	35	68	28	79	0	108	0	91	0	114	51	43
0	108	0	94	0	103	22	89	0	94	0	105	0	109	0	89
0	84	0	96	0	127	26	80	0	99	0	93	0	97	0	101
0	94	0	106	0	87	26	81	0	92	0	88	0	117	0	97
0	100	12	103	40	64	0	109	0	98	0	100	0	91	0	117
0	99	0	91	0	108	25	67	0	109	0	106	0	102	4	73
0	103	0	87	0	98	24	72	0	92	0	93	0	101	17	85
36	63	0	100	0	92	0	108	0	108	0	97	0	101	0	97
31	71	0	103	0	101	0	98	0	113	0	105	0	95	0	87
0	115	0	82	0	90	11	82	0	93	3	111	0	91	1	93
0	107	0	91	0	99	21	77	0	103	0	69	0	89	34	60
0	99	0	105	0	101	24	73	0	83	0	113	0	86	46	68
0	112	0	91	0	90	0	108	0	99	0	84	18	68	0	80
0	82	20	101	45	61	0	106	0	93	0	108	0	97	0	95
0	73	7	88	29	65	0	96	0	84	0	112	0	109	0	108
0	100	0	97	0	97	0	97	0	80	45	70	0	104	0	106
25	81	0	99	0	81	0	106	0	98	0	91	0	118	0	106
0	84	0	93	0	93	0	93	0	114	0	118	24	73	0	118
