R4:alt	R4:ref	R5:alt	R5:ref	R6:alt	R6:ref	R7:alt	R7:ref	R1:alt	R1:ref	R2:alt	R2:ref	R3:alt	R3:ref	R8:alt	R8:ref
0	124	0	109	0	89	0	93	0	101	23	77	0	118	0	107
0	92	0	96	0	103	0	108	15	97	0	109	0	83	0	101
0	98	0	102	34	57	0	105	0	89	0	93	0	95	0	85
40	63	0	101	0	93	0	88	0	113	0	90	0	109	0	109
33	56	0	115	0	99	0	100	0	92	0	115	0	107	0	100
4	80	0	113	0	91	0	93	11	87	0	89	0	123	45	47
0	105	0	88	0	92	0	91	0	92	39	56	0	107	0	84
0	96	0	100	0	99	49	51	0	109	0	85	33	87	0	101
0	93	0	93	0	99	51	62	0	97	0	95	21	87	0	90
0	100	0	103	0	84	0	124	0	115	31	58	0	102	0	108
0	86	0	93	0	90	23	80	0	106	0	96	0	87	0	87
0	97	0	103	35	53	0	87	0	106	0	107	0	90	0	103
0	113	0	86	43	58	0	103	0	101	0	97	0	107	0	99
49	58	0	98	1	105	0	95	7	95	0	109	0	100	50	44
0	113	0	105	0	92	15	85	0	99	0	99	0	91	0	109
0	88	0	102	0	87	22	76	0	99	0	95	0	93	0	102
0	107	41	72	0	94	0	97	0	92	0	114	0	101	0	86
0	92	46	52	0	94	0	96	0	95	0	104	0	108	0	104
0	112	39	65	0	108	0	97	0	94	0	81	0	121	0	116
0	117	44	61	0	110	0	105	0	99	0	94	0	86	0	100
0	78	0	105	0	85	0	94	32	63	0	98	0	89	0	99
0	83	0	100	0	95	52	61	0	105	0	103	0	112	0	113
0	118	0	100	0	108	0	107	0	109	27	67	0	102	0	93
0	84	49	55	0	112	0	96	36	71	52	60	0	108	0	104
0	105	0	105	32	56	0	103	1	101	9	88	0	117	0	103
7	86	0	103	0	96	0	103	0	94	0	100	0	92	59	60
0	98	0	98	0	100	49	54	0	93	0	95	0	104	0	116
0	82	0	93	0	104	60	64	0	87	0	97	0	109	0	100
0	118	0	115	0	85	0	89	13	74	0	109	0	103	0	108
0	119	0	127	0	105	0	96	25	76	0	117	0	95	0	117
0	102	0	101	0	90	39	62	0	101	0	111	0	97	0	99
0	121	0	94	0	108	0	87	0	101	0	80	0	102	55	61
0	93	0	88	0	90	0	98	0	114	0	99	0	101	41	49
39	68	0	106	0	99	0	94	0	106	0	87	0	95	0	108
0	96	22	84	0	96	0	101	0	82	0	89	0	100	0	111
0	93	17	73	0	98	0	108	0	113	0	102	0	107	0	115
0	99	36	54	0	92	0	96	0	115	0	105	0	127	0	98
0	109	0	97	0	100	0	80	0	110	31	71	0	95	0	105
0	96	0	115	0	123	0	111	37	86	0	101	0	110	0	107
0	96	0	92	0	113	0	100	34	65	0	84	0	101	0	102
6	110	0	91	0	92	0	81	0	97	0	88	0	92	41	55
0	83	22	86	0	95	0	111	0	103	0	110	0	109	0	108
0	113	0	80	44	57	0	99	0	80	7	98	0	115	0	100
0	81	0	86	0	101	31	67	0	105	0	96	0	110	0	105
43	55	0	88	0	79	0	107	0	107	0	103	0	99	0	100
39	59	0	96	0	108	0	104	0	105	0	116	0	106	0	111
0	120	0	121	0	82	46	44	0	107	0	98	0	78	0	104
0	103	0	116	33	72	0	88	0	104	0	104	0	84	0	91
0	91	0	105	0	101	2	102	0	96	0	91	22	83	0	100
0	104	0	106	0	98	0	85	0	115	26	66	0	102	0	95
0	101	0	98	0	90	0	95	0	89	36	59	0	106	0	102
0	97	0	113	0	114	0	90	0	107	0	108	0	103	34	69
0	82	0	117	0	105	0	95	0	119	0	116	0	99	27	60
0	100	0	106	0	90	0	98	0	94	0	116	0	89	36	67
0	106	0	89	0	104	0	120	0	98	0	112	0	121	30	66
0	126	0	112	40	70	0	95	0	90	0	98	0	106	0	105
55	56	0	87	0	97	0	103	17	89	0	88	0	94	57	43
39	46	0	93	0	97	0	88	12	101	0	113	0	83	49	56
0	92	0	116	0	113	0	101	0	98	31	65	0	92	0	111
0	101	0	103	0	114	20	70	0	121	0	93	0	108	0	105
0	105	0	91	0	105	21	85	0	91	0	110	0	101	0	102
0	91	55	56	43	52	50	50	49	55	38	52	35	66	0	121
0	101	43	50	39	57	58	47	37	55	44	50	51	54	0	101
0	103	66	51	41	66	44	53	44	52	50	49	49	56	0	95
0	99	0	92	0	110	37	45	0	90	0	98	0	94	0	106
0	107	0	100	0	92	48	52	0	110	0	103	0	84	0	107
0	98	20	72	0	94	0	112	0	107	0	104	0	103	0	114
0	108	0	85	37	54	0	99	1	95	10	91	0	100	0	91
0	100	0	100	0	100	56	55	0	80	0	108	0	86	0	88
0	92	0	115	0	95	0	96	0	105	36	70	0	103	0	102
0	91	0	92	0	117	0	87	0	102	38	61	0	115	0	74
0	97	0	97	0	102	0	82	0	91	0	105	20	77	0	96
0	108	0	102	0	116	23	80	0	107	0	98	0	94	0	100
0	88	0	91	0	100	14	76	0	113	0	102	0	92	0	104
0	107	15	58	0	110	0	117	0	105	0	111	0	84	0	98
0	111	0	97	0	108	0	108	0	90	36	78	0	109	0	110
0	112	3	106	0	108	0	86	43	55	0	112	0	114	0	105
0	94	11	76	0	110	0	87	0	113	0	114	0	122	0	94
4	88	0	107	0	106	0	94	0	85	0	98	0	95	50	63
38	67	0	104	0	105	0	103	0	90	0	98	0	87	0	97
0	99	0	101	0	88	0	81	0	90	32	71	0	99	0	109
0	112	0	99	0	104	0	136	29	59	0	87	0	104	0	88
0	93	0	107	0	93	0	97	25	67	0	90	0	89	0	91
0	95	0	109	41	64	0	108	0	87	0	105	0	102	0	119
0	93	0	86	0	92	0	106	0	110	15	76	0	93	0	96
0	96	0	98	0	97	0	89	0	105	21	66	0	112	0	110
0	98	0	106	0	98	55	54	0	100	0	112	0	92	0	105
0	104	0	103	0	94	40	55	0	90	0	97	0	90	0	117
0	100	0	111	0	93	0	90	0	89	0	99	17	85	0	104
0	93	0	93	0	95	0	88	0	87	0	95	24	81	0	86
42	53	0	89	0	91	0	101	0	93	0	92	0	87	0	93
0	93	44	52	0	106	0	111	0	99	0	96	3	92	0	92
0	106	0	106	0	92	28	89	0	107	0	99	0	92	0	105
0	104	0	92	0	102	30	86	0	104	0	114	0	95	0	102
0	120	0	72	0	111	28	83	0	100	0	93	0	101	0	111
0	100	0	105	0	89	34	62	0	122	0	109	0	102	0	125
0	84	0	90	0	88	44	63	0	107	0	88	0	104	0	92
0	91	0	99	0	99	0	91	0	95	29	61	0	99	0	101
0	94	0	94	0	88	0	90	0	108	28	64	0	101	0	100
0	103	0	123	0	117	0	94	0	109	41	74	0	89	0	115
3	74	0	104	0	92	0	107	0	98	0	96	0	106	54	49
0	100	0	95	0	106	0	99	19	88	0	101	0	105	0	87
0	110	0	94	0	94	0	114	17	89	0	97	0	94	0	96
