R4:alt	R4:ref	R5:alt	R5:ref	R6:alt	R6:ref	R7:alt	R7:ref	R1:alt	R1:ref	R2:alt	R2:ref	R3:alt	R3:ref	R8:alt	R8:ref
0	109	0	109	0	109	0	93	0	109	0	116	32	74	0	94
0	103	0	98	0	111	0	87	0	112	0	96	36	56	0	92
0	101	0	108	0	94	0	97	0	91	0	99	37	63	0	94
0	93	0	97	0	82	0	97	0	92	0	92	36	65	0	97
0	95	0	118	0	120	0	110	0	105	0	97	36	77	0	83
0	116	38	66	0	74	0	118	0	104	0	74	0	105	0	106
0	115	0	108	0	95	0	84	0	106	0	112	0	114	24	61
0	91	0	109	0	95	0	115	0	95	0	103	0	96	28	71
0	88	0	109	0	98	0	106	0	111	0	87	0	107	25	63
0	84	0	83	18	86	0	107	0	95	0	92	0	117	0	98
0	88	0	112	28	71	0	101	0	107	0	97	0	102	0	102
0	98	0	108	26	83	0	88	0	96	0	114	0	83	0	94
0	104	0	102	34	66	0	115	0	91	0	99	0	109	0	94
0	88	0	92	0	121	0	95	0	102	0	119	30	51	0	118
0	93	0	108	0	99	0	108	0	94	0	77	0	101	20	74
0	98	0	90	0	108	0	109	0	93	0	83	0	102	29	74
0	116	16	85	0	100	0	100	59	50	0	101	0	92	33	69
0	108	0	91	0	90	0	95	0	111	0	103	15	65	0	106
9	91	0	117	0	113	3	93	0	111	0	94	13	84	0	103
11	86	0	111	0	95	1	97	0	96	0	102	4	97	0	83
0	86	0	88	0	127	0	97	49	58	0	106	0	85	0	98
0	112	0	109	0	112	0	98	0	102	0	93	0	90	27	74
0	108	0	100	0	98	0	98	0	99	0	101	0	119	28	72
0	100	0	94	0	101	0	94	0	96	0	81	0	89	23	76
0	115	35	70	46	71	44	72	0	110	45	67	0	86	0	95
0	94	0	80	0	95	0	90	28	54	0	88	0	103	0	105
0	115	27	68	0	86	0	101	0	86	0	110	0	122	0	125
0	102	0	111	0	91	0	119	0	92	0	81	43	62	0	112
0	99	0	87	0	101	0	93	0	99	0	88	31	62	0	96
0	107	0	109	0	93	0	108	0	89	0	113	38	68	0	95
0	98	0	88	0	96	0	84	0	102	0	86	0	113	26	71
31	73	0	105	0	80	0	109	0	98	0	103	0	112	0	94
31	82	0	82	0	100	0	106	0	116	0	84	0	95	0	97
18	85	0	90	0	108	0	117	0	112	0	113	0	95	0	97
0	94	0	94	0	97	0	105	0	113	0	92	0	99	27	86
0	100	0	102	0	112	0	96	0	102	0	98	0	89	33	70
0	102	0	105	0	100	0	84	0	100	0	102	0	95	24	56
0	95	0	95	0	94	0	89	36	61	0	102	0	97	0	87
0	94	0	98	29	75	0	89	0	97	0	96	0	84	0	105
0	105	0	98	28	59	0	86	0	98	0	110	0	92	0	106
0	124	27	89	0	100	0	111	0	99	0	97	0	96	0	111
0	102	36	70	0	89	0	87	0	87	0	88	0	89	0	104
0	93	0	99	0	97	0	109	0	85	0	113	0	97	23	71
0	129	0	95	0	100	36	46	0	114	0	87	0	117	0	110
0	91	0	91	0	101	35	57	0	101	0	93	0	85	0	93
0	108	22	72	0	109	0	100	0	103	0	102	0	106	0	106
0	114	0	91	0	108	0	97	40	56	0	96	0	101	0	84
0	89	5	105	0	94	0	103	0	110	0	100	0	79	38	56
0	100	29	67	0	95	0	101	0	95	0	106	0	101	0	109
0	96	0	87	6	80	0	78	0	91	27	72	0	84	0	95
0	104	0	101	3	88	0	106	0	88	39	75	0	101	0	108
0	84	0	108	0	84	51	53	0	104	0	115	0	102	0	113
0	91	0	109	0	109	33	57	0	83	0	92	0	104	0	109
0	93	9	89	0	120	0	96	38	47	0	106	0	110	2	107
0	97	0	94	0	113	0	106	0	92	0	112	35	69	0	98
0	97	0	119	0	97	0	99	0	103	0	101	32	62	0	105
0	112	0	84	0	85	0	109	0	95	0	89	30	63	0	76
0	116	0	89	0	94	0	101	0	117	0	106	32	49	0	111
0	81	0	69	0	98	0	105	0	101	0	108	39	54	0	86
37	70	0	91	0	93	0	92	0	107	0	89	0	80	0	97
0	99	0	91	0	91	53	43	0	79	0	101	0	83	0	89
0	93	0	86	0	105	0	99	0	99	0	99	33	74	0	103
0	99	31	61	0	107	0	91	0	90	0	83	0	99	0	114
0	107	27	65	46	53	1	98	0	82	36	59	0	107	0	96
0	89	0	97	0	105	0	93	41	65	0	103	0	108	0	92
0	107	0	113	0	96	37	48	0	79	0	94	0	91	0	99
0	103	0	89	0	110	35	55	0	106	0	103	0	101	0	103
0	125	0	104	0	107	40	74	0	106	0	110	0	100	0	88
0	107	0	96	0	79	0	98	0	91	0	103	0	106	34	52
0	94	0	96	0	84	37	63	0	86	0	93	0	114	0	78
0	103	0	87	0	107	0	95	0	82	0	108	0	91	26	65
0	93	0	82	0	111	0	88	0	110	0	105	29	52	0	99
0	102	23	65	0	101	0	98	0	102	0	98	0	101	0	83
28	76	0	99	0	108	0	97	0	114	0	90	0	102	0	107
25	68	0	112	0	102	0	91	0	87	0	93	0	97	0	93
39	73	0	101	0	100	0	95	0	97	0	113	0	107	0	114
40	74	0	102	0	75	0	113	0	88	0	109	0	109	0	98
0	97	0	101	0	103	0	111	0	100	0	97	0	103	26	72
0	87	6	92	0	92	0	101	47	53	0	91	0	98	4	96
0	97	0	107	0	99	9	108	0	107	0	105	1	91	20	93
0	84	0	80	0	90	7	92	0	105	0	96	1	97	13	87
0	95	0	101	8	112	0	98	0	101	33	66	0	92	0	97
24	79	0	88	0	117	0	104	0	113	0	98	0	89	0	96
23	89	0	93	0	125	0	110	0	79	0	90	0	98	0	110
0	89	0	104	0	94	0	103	0	86	0	91	27	64	0	101
0	117	0	93	0	89	0	101	0	91	0	98	41	63	0	103
0	99	0	99	0	102	0	92	0	88	0	99	45	75	0	94
0	83	0	92	0	94	0	92	34	57	0	86	0	97	0	102
0	106	0	95	0	85	0	112	32	80	0	103	0	107	0	98
0	91	0	97	20	71	0	109	0	113	0	81	0	106	0	91
0	113	0	96	0	87	0	112	0	112	0	108	0	114	29	77
0	89	0	75	0	92	0	114	0	91	0	115	0	107	19	72
0	101	0	106	0	94	0	99	0	96	0	100	0	112	32	73
0	108	0	84	0	90	0	106	0	99	0	100	0	131	31	57
0	104	0	79	0	106	0	94	0	84	0	94	0	86	28	91
0	107	0	113	0	91	39	80	0	100	0	116	0	97	0	92
0	108	0	96	0	95	0	95	0	101	0	79	34	73	0	93
0	84	0	123	0	111	0	88	0	93	0	104	0	105	25	70
0	91	0	112	0	97	0	114	23	86	0	97	0	93	0	94
0	103	0	84	0	91	34	69	0	78	0	91	0	80	0	113
0	118	0	105	0	89	0	116	0	81	0	108	36	59	0	103
0	95	0	112	29	76	0	101	0	90	0	103	0	92	0	105
0	100	0	106	0	107	0	98	0	78	0	94	38	63	0	101
0	113	0	109	0	102	0	108	0	120	0	88	33	93	0	100
0	90	0	98	0	96	0	103	34	66	0	93	0	81	0	129
0	94	0	101	0	110	0	84	40	61	0	93	0	118	0	92
0	102	0	95	0	94	0	93	33	72	0	81	0	102	0	94
0	105	0	113	0	103	0	101	36	60	0	118	0	85	0	111
0	115	0	97	0	106	0	95	40	65	0	99	0	78	0	103
0	100	0	96	0	105	8	95	0	106	0	101	2	101	9	74
0	116	0	107	0	112	0	118	25	90	0	103	0	98	0	80
0	113	0	93	0	120	0	95	0	111	0	120	0	88	29	63
0	110	0	97	0	118	0	93	0	112	0	99	0	104	20	78
0	112	0	100	0	117	0	102	0	95	0	109	0	104	35	77
0	105	0	106	0	76	31	56	0	122	0	79	0	107	0	101
0	87	0	99	0	105	28	76	0	103	0	93	0	103	0	94
0	111	20	84	0	84	0	115	57	58	0	105	36	60	29	63
0	81	0	93	0	88	0	95	0	126	0	81	35	68	0	114
0	86	0	83	0	84	0	97	0	95	0	88	30	58	0	100
0	106	13	97	0	108	0	95	40	60	0	114	0	93	0	99
0	101	0	100	3	94	0	94	0	101	23	68	0	111	0	122
0	95	0	104	0	117	7	109	0	106	0	110	0	106	16	91
0	98	0	90	23	67	0	82	0	105	0	87	0	111	0	126
0	102	0	95	41	67	0	93	0	98	0	95	0	81	0	80
0	120	0	94	31	74	0	94	0	89	0	87	0	95	0	87
0	91	26	76	0	104	0	79	0	93	0	94	0	99	0	104
0	95	24	63	0	104	0	129	0	104	0	115	0	97	0	117
0	109	0	100	0	106	37	48	0	100	0	97	0	91	0	105
0	106	0	110	0	102	31	53	0	86	0	99	0	96	0	110
0	95	0	103	0	92	45	60	0	104	0	105	0	104	0	98
0	94	0	110	19	62	0	88	0	105	0	119	0	95	0	110
0	104	0	105	0	92	0	105	0	90	0	109	21	67	0	88
0	97	0	104	0	95	0	90	0	95	0	113	28	71	0	98
0	102	0	117	0	95	0	95	0	103	0	102	19	72	0	108
0	96	0	88	0	97	42	53	0	96	0	104	0	99	0	99
0	95	0	119	0	97	44	38	0	102	0	99	0	90	0	112
0	88	0	86	0	92	0	95	0	110	0	93	0	101	27	78
22	59	0	84	0	100	0	121	0	90	0	93	0	100	0	90
30	76	0	93	0	98	0	97	0	101	0	100	0	84	0	111
38	59	0	76	0	81	0	109	0	95	0	96	0	93	0	101
0	100	16	76	0	100	0	107	0	91	0	117	0	112	0	103
0	105	0	105	0	94	0	115	34	70	0	114	0	100	0	104
0	87	0	85	0	97	0	108	16	72	0	96	0	86	0	93
0	106	0	80	0	118	33	82	0	98	0	103	0	106	0	105
0	98	0	102	0	121	0	102	0	110	0	92	0	82	33	70
0	99	0	101	0	94	0	95	0	88	0	110	0	101	33	54
0	88	0	97	0	109	0	101	0	98	0	92	34	63	0	95
0	100	0	100	0	100	0	107	0	95	0	115	31	72	0	82
0	107	0	87	0	90	0	109	0	101	0	103	39	80	0	85
0	94	0	98	0	104	0	96	0	96	0	92	0	99	24	73
0	96	0	110	0	93	0	111	0	101	0	102	0	102	29	75
0	108	0	83	0	85	0	80	0	81	0	102	0	87	39	66
