R4:alt	R4:ref	R5:alt	R5:ref	R6:alt	R6:ref	R7:alt	R7:ref	R1:alt	R1:ref	R2:alt	R2:ref	R3:alt	R3:ref	R8:alt	R8:ref
0	104	0	99	21	78	0	103	0	101	0	105	0	85	0	103
0	105	0	108	0	86	51	45	0	87	0	97	0	83	0	112
0	118	0	93	0	115	50	55	0	110	0	106	0	101	0	108
27	91	0	88	0	96	0	103	0	111	0	87	0	85	0	118
60	62	1	104	0	106	0	109	0	94	0	105	0	95	0	96
0	102	0	80	0	106	0	111	18	85	0	97	0	104	0	110
0	96	0	117	0	95	0	100	30	74	0	88	0	109	0	91
0	98	31	62	0	102	0	96	0	97	0	106	0	96	0	89
0	102	39	53	0	109	0	106	0	98	0	105	0	95	0	118
0	101	0	111	0	102	0	103	0	106	0	95	40	67	0	105
0	91	31	61	2	102	0	109	42	79	0	102	11	77	0	106
0	104	37	74	0	96	0	111	24	76	0	108	14	85	0	110
0	100	37	48	3	95	0	111	42	62	0	95	14	82	0	115
0	101	0	91	0	91	0	107	0	101	0	77	0	107	41	51
0	105	22	66	0	113	0	103	0	93	0	104	0	96	0	78
0	99	24	72	0	93	0	92	0	99	0	107	0	110	0	103
0	91	22	73	0	97	0	97	0	91	0	98	0	119	0	92
0	97	32	72	0	110	0	106	0	108	0	96	0	113	0	109
0	100	0	99	0	109	0	85	0	107	27	57	0	97	0	81
0	106	0	95	0	112	19	82	0	110	0	109	0	106	0	94
0	94	0	109	0	91	33	76	0	93	0	97	0	98	0	99
0	99	0	115	0	89	23	69	0	101	0	118	0	83	0	103
0	104	0	99	0	109	0	86	0	96	33	67	0	100	0	111
0	91	5	101	36	51	0	97	0	84	0	105	0	105	0	104
0	91	5	101	61	45	0	112	0	80	0	95	0	106	0	80
0	93	7	97	52	48	0	100	0	114	0	97	0	97	0	122
0	115	0	109	39	59	0	95	0	98	0	114	0	120	0	117
0	100	0	119	43	57	0	92	0	99	0	93	0	101	0	101
0	90	0	121	0	110	0	94	0	108	0	95	44	85	0	111
0	100	0	104	0	93	0	98	0	112	0	98	24	83	0	103
0	99	0	99	0	104	0	92	0	116	0	94	28	83	0	107
0	102	0	98	0	90	0	102	0	95	0	95	0	109	22	74
0	114	0	94	0	95	0	94	27	75	0	88	1	108	0	100
15	82	0	100	0	88	0	89	0	109	0	97	0	104	0	115
0	121	0	115	0	101	0	105	0	107	0	105	0	109	27	86
0	99	0	105	0	97	0	104	0	110	0	79	0	89	26	80
0	97	0	87	42	65	0	94	0	91	0	109	0	91	0	110
42	52	0	103	0	110	0	106	0	98	0	105	0	103	0	113
52	72	0	106	0	107	0	78	0	94	0	102	0	119	0	90
0	110	0	103	0	107	56	43	0	97	0	110	0	110	0	102
0	110	3	107	0	81	0	100	0	108	0	110	0	90	59	52
0	101	4	87	0	92	0	105	0	92	0	87	0	107	58	58
0	105	0	120	0	98	0	94	0	102	12	78	0	115	0	92
0	106	26	53	0	103	0	111	0	109	0	93	0	97	0	106
0	104	0	107	0	110	0	103	0	122	0	95	0	99	22	66
0	83	0	80	0	101	0	109	0	92	0	103	27	60	0	81
0	99	0	99	0	104	0	90	0	103	30	64	0	95	0	105
0	97	0	102	0	103	0	94	0	100	29	78	0	110	0	84
0	91	0	92	0	104	0	81	18	70	0	124	0	97	0	102
0	104	0	99	0	106	0	95	0	108	0	109	0	114	19	75
41	53	0	81	0	104	0	99	0	111	0	95	0	123	0	87
45	46	0	104	0	103	0	103	0	91	0	102	0	111	0	95
59	43	0	106	0	104	0	125	0	92	0	83	0	104	0	101
0	79	0	113	0	86	28	79	0	94	0	78	0	89	0	100
0	81	0	103	0	105	0	97	0	99	0	93	0	87	16	82
0	103	43	45	52	44	0	110	50	55	2	88	50	52	0	104
0	94	0	98	0	96	0	89	0	98	33	53	0	95	0	92
0	95	34	54	0	101	0	94	0	93	0	99	0	109	0	104
0	107	40	59	0	83	0	75	0	82	0	104	0	99	0	112
0	106	0	107	0	94	0	109	0	106	0	123	56	86	0	113
0	106	0	97	0	102	0	116	0	101	0	114	32	52	0	111
0	89	0	82	0	88	0	94	0	92	0	93	24	74	0	92
0	95	0	106	0	109	0	90	0	107	0	100	30	79	0	102
0	104	0	103	0	112	0	108	0	111	0	106	30	59	0	113
0	106	0	102	0	120	0	109	0	86	33	69	0	90	0	69
0	108	0	102	0	76	0	90	0	94	0	95	0	101	33	60
0	90	0	97	0	98	32	66	0	116	0	92	0	104	0	93
0	107	0	120	0	99	0	90	0	106	34	67	0	96	0	104
0	99	0	109	0	103	0	118	0	93	20	78	0	107	0	110
23	73	0	113	0	98	0	94	0	94	0	107	0	113	0	90
19	77	0	85	0	106	0	96	0	112	0	106	0	93	0	118
0	95	0	112	0	103	0	100	23	96	0	95	0	77	0	102
0	105	0	125	0	105	0	102	0	95	0	65	28	56	0	93
0	97	35	56	1	101	0	86	0	101	0	104	20	85	0	110
0	111	0	86	0	102	43	54	0	115	0	120	0	98	0	114
0	102	0	105	0	103	32	65	0	97	0	81	0	103	0	101
0	100	0	102	0	97	25	74	0	93	0	110	0	120	0	94
0	96	0	93	0	98	59	41	0	89	0	107	0	115	0	93
0	97	0	84	0	90	0	104	0	104	0	100	0	93	37	68
42	42	7	92	0	117	54	40	0	100	41	49	0	92	50	59
22	61	0	96	0	101	0	98	0	104	0	117	0	101	0	103
0	99	0	112	0	101	47	46	0	109	0	97	0	77	0	92
0	104	0	96	0	87	38	42	0	91	0	93	0	83	0	98
0	100	0	112	0	108	0	114	0	95	0	83	35	71	0	88
24	90	0	99	0	82	0	105	0	93	0	91	0	96	0	99
24	73	0	89	0	86	0	122	0	105	0	103	0	98	0	95
0	101	0	95	0	103	0	95	0	104	0	86	0	114	33	66
0	97	0	106	0	101	0	100	0	103	0	112	27	77	0	115
0	96	0	94	53	48	0	110	0	75	0	100	0	90	0	100
0	100	0	93	0	116	0	95	0	103	27	83	0	111	0	95
0	98	0	83	0	100	0	109	0	84	20	72	0	101	0	101
0	93	40	62	0	91	0	129	0	105	0	101	11	96	0	83
0	108	3	94	0	88	0	123	0	108	0	97	0	94	53	52
0	94	0	76	0	112	41	51	0	90	0	83	0	115	0	94
0	107	0	106	0	101	0	88	25	95	1	103	29	77	0	118
0	111	36	61	0	102	0	109	0	114	0	105	0	93	0	96
0	98	0	95	0	114	23	60	0	97	0	104	0	105	0	108
0	99	33	61	0	93	0	114	0	118	0	97	0	97	0	84
0	89	0	113	0	100	0	87	0	90	0	99	0	93	38	67
0	95	0	88	0	92	0	104	0	91	0	96	0	101	30	79
27	84	0	96	0	86	0	94	0	103	0	116	0	80	0	100
0	101	0	100	0	103	0	95	29	91	0	114	0	76	0	111
0	107	0	101	29	80	0	106	0	108	0	87	0	97	0	86
0	102	0	103	26	66	0	122	0	104	0	103	0	108	0	72
0	91	0	96	25	64	0	122	0	110	0	106	0	106	0	102
0	107	0	113	0	106	0	101	38	57	0	100	2	83	0	105
0	99	0	98	0	111	0	106	0	109	22	75	0	89	0	121
0	100	36	55	0	104	0	105	0	96	0	104	0	99	0	89
0	98	0	110	0	91	0	90	0	98	0	96	0	85	26	59
0	98	0	103	0	88	0	81	0	92	0	113	0	103	25	75
0	115	0	100	0	116	0	109	0	103	0	82	0	98	26	80
0	89	0	97	0	94	0	111	0	83	0	94	0	96	34	58
0	96	34	82	0	93	0	119	0	100	0	103	0	111	0	109
44	58	0	91	0	69	0	100	0	108	0	101	0	101	0	110
37	62	0	95	0	103	0	97	0	86	0	105	0	96	0	117
0	93	0	93	0	107	0	108	0	105	44	53	0	96	0	98
0	92	0	98	0	91	0	109	0	105	40	50	0	106	0	84
0	88	0	91	0	97	0	125	0	103	43	56	0	98	0	96
0	99	0	100	0	111	0	94	0	85	0	89	21	65	0	108
0	125	0	110	22	73	0	102	0	91	0	101	0	121	0	90
0	93	32	70	0	113	0	112	0	104	0	101	0	101	0	88
0	95	0	104	0	94	0	92	0	102	0	76	0	108	27	72
0	83	0	84	0	94	0	94	0	106	0	106	35	68	0	105
0	91	0	105	0	89	0	100	0	102	0	86	31	70	0	105
0	90	0	86	48	63	0	110	0	107	0	110	0	101	0	86
0	107	0	103	22	92	0	103	0	79	0	100	0	105	0	109
0	120	0	103	27	77	0	116	0	102	0	86	0	94	0	109
0	98	0	90	28	74	0	99	0	116	0	106	0	102	0	100
0	77	8	113	0	109	0	101	0	96	0	93	0	101	54	56
0	114	0	93	0	110	0	104	0	92	25	92	0	96	0	85
45	49	0	115	0	97	0	119	0	122	0	129	0	94	0	98
0	107	0	84	0	101	0	91	0	90	0	125	0	92	33	75
0	118	0	109	0	77	0	107	0	105	0	93	0	96	44	64
