R4:alt	R4:ref	R5:alt	R5:ref	R6:alt	R6:ref	R7:alt	R7:ref	R1:alt	R1:ref	R2:alt	R2:ref	R3:alt	R3:ref	R8:alt	R8:ref
0	99	0	95	0	94	0	97	0	106	0	75	0	85	25	81
37	84	0	97	11	105	0	83	0	110	0	81	0	103	0	77
41	62	0	100	10	101	0	103	0	105	0	92	0	95	0	104
0	91	0	96	31	76	0	97	0	101	0	127	0	110	0	111
0	95	29	79	0	86	0	111	0	112	0	84	0	106	0	99
0	102	23	69	0	99	0	87	0	92	0	104	0	90	0	103
0	93	0	107	0	96	48	53	0	90	0	109	0	110	0	95
0	90	0	87	20	64	0	97	0	103	0	106	0	106	0	122
0	90	0	109	17	81	0	97	0	121	0	100	0	120	0	112
0	101	0	91	0	85	28	71	0	88	0	90	0	96	0	106
0	105	0	109	0	96	31	65	0	86	0	90	0	101	0	90
0	95	0	102	0	96	0	96	0	97	0	99	41	53	0	99
0	111	8	107	0	122	56	46	0	92	0	106	0	111	3	94
0	84	28	89	0	94	0	106	0	95	0	115	0	124	0	92
0	98	29	57	3	102	0	101	0	112	0	107	0	92	0	85
0	97	0	101	0	103	0	100	0	83	0	96	0	85	36	61
0	99	0	128	0	85	0	106	0	87	0	109	0	90	37	67
0	94	0	114	0	96	27	75	0	100	0	109	0	105	0	80
17	87	0	102	0	107	0	98	20	85	0	87	0	84	0	131
0	92	0	102	23	70	0	105	0	89	0	94	0	105	0	123
34	62	0	104	9	96	0	100	0	100	0	90	0	93	0	90
0	108	0	118	0	104	0	89	1	97	41	56	0	94	0	105
0	98	0	114	0	78	35	66	0	85	0	94	0	86	0	102
0	94	0	103	0	89	27	75	0	105	0	115	0	103	0	94
0	85	0	91	0	91	0	98	15	98	0	86	50	48	0	108
0	89	0	109	0	83	0	110	11	98	0	113	57	48	0	85
0	99	36	66	6	99	0	109	0	107	0	90	0	104	0	106
0	117	40	72	2	100	0	95	0	109	0	118	0	108	0	109
0	96	3	105	44	54	0	100	10	85	0	122	0	101	0	103
0	97	0	108	0	95	0	95	0	121	38	63	0	99	0	106
0	91	0	92	0	93	0	107	0	88	36	64	0	87	0	90
0	117	0	102	0	88	0	111	0	92	30	75	0	98	0	94
10	92	40	83	36	84	0	91	61	53	57	49	49	38	0	86
18	88	46	55	43	49	0	103	42	60	42	49	45	48	0	96
20	89	33	73	35	70	0	109	52	53	39	49	55	49	0	113
0	102	0	113	0	94	49	43	0	110	0	94	0	112	0	97
0	95	0	109	0	106	61	53	0	108	0	106	0	98	0	98
0	93	0	99	0	102	38	29	0	105	0	107	0	93	0	104
0	103	0	98	0	94	53	50	0	87	0	104	0	119	0	88
0	100	0	99	0	96	32	72	0	90	0	105	0	113	0	104
0	105	0	95	0	102	30	72	0	101	0	102	0	95	0	105
0	101	0	90	0	95	0	107	10	93	0	97	44	61	0	95
0	78	0	89	0	99	0	103	0	105	30	75	0	95	0	101
0	107	0	94	0	106	29	75	0	115	0	93	0	111	0	84
0	82	0	87	0	114	0	101	0	108	0	87	52	60	0	93
0	79	0	91	21	93	0	104	0	96	0	95	0	97	0	105
6	101	0	120	0	115	0	91	13	88	0	103	0	109	0	97
34	73	0	102	0	99	0	105	0	97	0	107	0	116	0	93
0	103	0	80	0	103	0	108	0	106	25	83	0	74	0	94
0	87	0	84	0	122	0	92	0	89	23	78	0	97	0	102
0	97	0	111	0	100	27	78	0	87	0	98	0	81	0	92
0	112	0	83	0	83	25	80	0	99	0	101	0	96	0	83
33	70	14	85	9	97	45	45	0	105	0	108	0	106	54	43
0	87	0	90	0	102	0	125	0	95	0	100	32	52	0	95
0	108	0	95	0	106	0	101	0	117	0	93	37	58	0	92
0	104	2	105	45	59	0	99	0	102	0	89	0	97	0	101
0	105	3	104	30	76	0	96	0	110	0	89	0	112	0	104
0	110	31	64	2	119	0	90	0	108	0	101	0	106	0	82
0	107	26	69	4	98	0	96	0	96	0	96	0	102	0	104
0	98	25	71	0	116	0	87	0	94	0	104	0	89	0	86
0	115	0	104	25	55	0	103	0	95	0	97	0	120	0	97
0	97	0	105	0	104	0	108	0	101	29	46	0	97	0	95
0	104	0	116	18	68	0	103	0	103	0	96	0	88	0	98
0	93	0	77	0	100	0	114	9	95	0	82	50	56	0	104
0	118	0	107	0	108	0	101	6	92	0	102	51	56	0	94
0	104	0	105	0	98	0	95	0	116	0	121	0	102	37	77
41	55	0	111	14	76	0	105	0	94	0	93	0	120	0	97
9	72	0	100	3	92	0	107	14	75	47	40	0	84	0	112
33	73	0	103	0	96	0	92	0	92	0	100	0	109	0	83
25	69	0	98	0	104	0	115	0	103	0	95	0	71	0	109
0	86	0	100	0	92	0	77	0	122	0	106	46	63	0	83
0	103	0	103	0	103	43	51	0	101	0	91	0	103	0	99
0	107	0	100	0	117	50	51	0	117	0	85	0	118	0	79
0	90	0	94	0	92	0	113	0	106	0	114	48	55	0	81
0	100	0	109	0	106	0	83	19	80	0	111	36	68	0	91
0	99	45	72	46	52	0	113	24	77	0	104	67	53	0	117
0	110	42	54	33	52	0	106	33	82	0	99	52	53	0	108
0	92	31	56	27	66	0	83	37	64	0	93	49	56	0	112
0	107	37	66	37	69	0	108	34	59	0	96	53	40	0	92
0	89	0	97	0	83	0	111	0	97	27	88	0	94	0	112
23	65	0	97	0	98	0	80	0	127	0	93	0	82	0	93
25	87	0	86	0	129	0	98	0	101	0	108	0	95	0	117
42	49	0	118	11	103	0	95	0	100	0	111	0	102	0	93
0	114	0	94	23	72	0	89	0	82	0	115	0	109	0	104
0	101	0	114	18	88	0	111	0	91	0	105	0	112	0	89
0	97	5	86	32	64	0	101	0	109	0	114	0	99	0	134
0	94	0	105	0	89	0	87	8	89	0	112	49	51	0	109
0	101	0	103	0	86	0	98	0	122	0	102	24	65	0	76
0	88	0	92	0	99	0	108	0	112	0	107	33	64	0	95
0	115	0	99	0	106	0	98	0	99	0	89	24	56	0	105
41	86	3	109	10	94	0	85	0	111	0	104	0	116	35	49
43	73	0	97	11	67	0	90	0	96	0	104	0	106	0	117
31	64	0	93	11	82	0	100	0	81	0	92	0	99	0	97
32	51	0	88	10	85	0	86	0	110	0	86	0	84	0	92
0	120	31	67	0	90	0	94	0	109	0	114	0	124	0	93
16	86	0	115	0	97	0	90	0	84	0	117	0	101	0	100
20	81	0	92	0	99	0	108	0	97	0	112	0	101	0	85
19	64	0	102	0	114	0	92	0	102	0	103	0	107	0	85
21	89	0	103	0	88	0	107	0	101	0	94	0	113	0	106
0	105	0	101	0	100	0	113	0	102	0	105	0	103	32	84
0	99	0	80	0	89	59	48	0	101	0	111	0	95	0	95
0	140	0	111	0	97	70	50	0	82	0	100	0	102	0	99
0	90	0	85	0	115	0	86	0	86	36	63	0	101	0	105
0	102	0	86	0	98	0	115	0	105	35	73	0	111	0	108
0	92	35	76	1	101	0	94	0	98	0	83	0	105	0	101
0	111	27	74	3	95	0	115	0	112	0	101	0	99	0	102
0	108	22	75	3	109	0	92	0	107	0	99	0	93	0	96
0	99	22	61	4	74	0	104	0	108	0	93	0	84	0	100
0	92	36	52	2	92	0	113	0	87	0	86	0	98	0	114
0	100	4	80	0	91	0	104	0	87	0	101	0	114	30	71
0	93	6	104	0	92	0	103	0	109	0	102	0	108	27	79
0	90	0	86	0	103	0	97	0	98	0	113	42	60	0	105
0	105	0	101	0	96	0	110	0	96	0	96	17	68	0	83
0	97	0	99	44	76	0	89	0	104	0	80	0	115	0	103
0	100	26	66	0	109	0	112	0	115	0	101	0	86	0	96
0	96	0	92	0	123	0	108	0	98	0	103	0	86	15	85
0	103	0	104	0	94	0	91	0	94	0	88	0	81	15	72
44	74	0	100	0	85	0	75	0	95	0	111	0	115	0	106
0	91	24	66	0	89	0	89	0	101	0	89	0	89	0	95
0	92	36	68	3	86	0	107	0	101	0	119	0	97	0	96
0	118	0	85	0	103	0	111	0	102	0	71	54	46	0	108
