R4:alt	R4:ref	R5:alt	R5:ref	R6:alt	R6:ref	R7:alt	R7:ref	R1:alt	R1:ref	R2:alt	R2:ref	R3:alt	R3:ref	R8:alt	R8:ref
0	108	0	102	0	80	0	83	0	97	0	86	19	61	0	104
0	111	0	112	0	100	0	94	0	105	48	57	0	97	0	85
0	97	0	103	0	99	0	101	0	96	45	66	0	85	0	83
0	110	0	91	0	92	0	120	0	98	34	61	0	93	0	101
0	101	31	58	0	99	0	90	0	101	0	103	0	107	0	80
0	104	0	89	0	97	0	90	20	77	0	100	0	97	0	96
0	100	30	64	0	92	0	108	0	103	0	111	0	103	0	101
0	89	23	81	0	99	0	112	0	86	0	86	0	106	0	98
22	67	3	110	0	96	0	106	0	98	0	91	30	73	0	104
0	104	0	101	26	63	0	109	0	116	0	98	0	134	0	81
25	82	0	107	0	103	0	103	0	90	0	93	0	99	0	98
22	78	0	104	0	107	0	104	0	96	0	106	0	94	0	91
0	103	0	104	0	95	0	96	0	100	0	103	0	101	21	82
0	99	0	97	0	110	0	106	0	91	0	101	0	107	26	96
0	107	0	101	0	103	0	86	0	113	0	111	0	90	17	71
0	98	0	101	0	100	0	102	0	120	44	60	0	93	0	92
0	95	0	100	0	97	0	103	0	90	0	83	3	88	23	78
0	108	24	72	0	83	0	88	0	116	0	89	0	91	0	93
0	100	35	75	0	107	0	114	0	88	0	91	0	106	0	95
0	100	30	74	0	90	0	93	0	91	0	89	0	99	0	95
0	84	38	66	0	101	0	117	0	91	0	114	0	105	0	105
0	101	0	110	0	99	0	98	17	72	0	98	0	103	0	103
1	103	0	81	0	111	0	75	0	99	5	88	2	98	31	64
2	106	0	98	0	102	0	118	0	103	6	90	3	108	17	68
2	79	0	110	0	103	0	86	0	96	6	76	2	103	21	76
5	105	0	85	0	112	0	103	0	119	7	90	2	109	25	95
0	92	0	112	0	100	0	79	0	106	0	89	0	106	18	60
0	105	0	98	0	88	0	118	0	109	0	112	0	113	28	78
0	96	0	102	0	100	0	71	0	114	0	88	0	93	20	72
10	109	0	93	0	99	0	106	0	82	0	98	38	70	0	90
7	106	1	90	0	117	0	94	0	104	0	99	31	92	0	81
0	100	33	65	0	103	0	121	23	85	0	101	0	99	13	87
0	113	33	65	0	91	0	102	16	49	0	92	0	94	9	97
0	86	0	108	0	98	0	110	22	99	0	114	0	110	0	96
23	80	15	80	42	48	45	52	22	76	60	49	65	48	0	100
0	90	0	98	36	68	0	75	0	108	0	101	0	96	0	109
0	91	0	102	0	111	0	110	0	109	0	99	4	85	17	71
0	95	0	107	39	66	25	69	0	98	0	91	0	100	0	92
0	79	0	110	52	51	38	74	0	99	0	85	0	97	0	103
0	102	0	102	36	56	36	66	0	114	0	98	0	87	0	84
24	76	0	116	0	76	0	108	2	95	0	101	0	92	0	91
0	101	2	94	0	99	0	98	0	99	0	96	28	49	0	96
0	86	0	99	0	111	0	85	0	93	49	64	0	96	0	102
22	64	0	86	0	100	0	93	0	111	0	99	0	118	0	94
0	120	40	78	0	86	0	100	0	96	0	97	0	95	0	102
0	97	35	58	0	92	0	98	0	89	0	94	0	129	0	106
0	81	0	96	43	69	0	92	0	103	0	113	0	103	0	95
0	85	0	104	43	60	0	123	0	119	0	107	0	88	0	96
0	96	0	109	48	55	0	95	0	98	0	94	0	103	0	92
30	85	41	57	0	110	0	104	32	83	9	86	4	122	48	57
36	62	36	69	0	105	0	93	21	79	6	107	1	92	41	38
0	107	32	70	0	108	0	98	0	95	0	93	0	88	0	103
0	69	36	65	0	99	0	97	29	69	0	105	0	93	0	108
18	77	0	100	0	95	0	101	0	103	0	116	0	124	0	93
23	78	0	99	0	97	0	86	0	112	0	90	0	98	0	93
0	118	0	103	0	106	0	89	0	99	0	101	20	72	0	91
0	122	0	94	0	113	0	107	0	87	34	62	0	101	0	99
0	93	0	100	0	92	33	60	0	97	0	104	0	96	0	90
0	109	0	98	0	109	26	84	0	103	0	100	0	97	0	117
20	98	40	74	0	101	0	97	23	68	0	110	0	97	30	78
0	117	0	112	0	112	0	104	0	102	4	83	4	89	22	94
0	100	0	106	0	111	0	122	0	118	7	110	4	95	26	81
0	97	0	118	0	102	0	84	0	102	10	94	3	98	18	58
0	92	0	112	0	100	0	93	0	90	9	104	4	100	19	75
0	91	0	98	0	98	0	97	0	108	5	80	1	111	12	87
0	107	0	107	0	98	0	92	0	94	5	96	5	112	31	74
0	108	44	61	0	101	0	102	0	92	0	118	0	97	0	107
0	101	30	75	0	83	0	92	0	95	0	115	0	114	0	119
17	71	11	92	0	83	0	112	0	104	0	94	40	70	0	102
27	77	24	89	0	102	0	102	0	95	0	101	40	57	0	111
0	101	0	99	28	68	0	90	0	97	0	90	0	105	0	109
0	95	0	102	0	82	0	100	19	74	0	120	0	102	0	104
0	103	0	111	0	89	0	86	0	95	34	66	0	108	0	102
0	97	0	104	0	108	0	107	0	96	28	58	0	105	0	107
0	96	0	87	0	100	0	112	0	90	34	65	0	101	0	113
0	106	0	79	0	103	0	83	19	77	0	115	0	98	0	87
0	92	36	65	0	127	0	94	0	97	0	106	0	98	0	94
0	84	42	65	0	97	0	99	0	88	0	83	0	110	0	76
3	93	0	112	0	99	0	116	0	95	9	91	2	102	19	81
30	80	0	101	0	91	0	95	0	88	0	96	0	88	0	88
0	109	0	96	49	57	45	36	23	85	44	59	0	122	0	102
0	103	0	106	0	94	0	88	0	107	44	62	0	107	0	118
0	114	0	106	0	89	0	105	0	93	34	70	0	91	0	108
0	112	0	98	0	100	0	110	0	108	35	72	0	101	0	79
0	96	0	95	0	91	0	107	0	92	40	63	0	105	0	95
0	102	0	105	21	78	0	107	0	101	0	96	0	110	0	107
0	100	0	101	31	74	0	107	0	112	0	107	0	112	0	92
0	102	0	94	23	79	0	108	0	88	0	110	0	105	0	111
0	109	0	84	34	73	0	94	0	93	0	94	0	102	0	99
0	85	35	61	0	86	0	116	0	98	0	102	0	109	0	86
0	105	0	118	0	103	0	116	29	67	0	87	0	95	0	81
0	100	0	85	0	104	0	103	28	80	0	103	0	91	0	106
0	101	0	107	0	93	0	100	0	81	0	103	0	100	26	85
0	104	0	87	0	107	0	93	26	67	0	96	0	107	0	95
0	97	0	102	23	82	0	79	0	104	0	112	0	114	0	106
0	92	0	98	0	111	0	90	0	99	0	103	9	102	19	76
0	101	39	62	0	91	0	105	0	97	0	115	0	88	0	112
0	97	0	86	26	80	0	101	0	107	0	92	0	111	0	100
0	99	0	85	0	88	0	93	0	86	38	83	0	88	0	104
0	102	0	78	0	98	0	77	0	93	44	66	0	90	0	87
0	125	0	101	0	91	0	106	0	109	0	109	0	90	28	67
18	85	0	88	0	86	0	92	12	92	0	90	0	89	0	79
20	68	0	80	0	97	0	95	2	99	0	94	0	98	0	101
12	91	0	93	0	93	0	84	4	87	0	118	0	89	0	84
0	108	0	102	0	96	40	71	0	110	0	106	0	97	0	110
0	91	0	95	0	97	33	66	0	102	0	103	0	110	0	92
0	84	0	91	0	93	0	110	22	87	0	89	0	108	0	107
0	101	0	101	0	101	0	91	30	78	0	101	0	103	0	126
0	111	0	95	25	82	0	94	0	95	0	98	0	109	0	95
0	95	0	110	0	105	0	110	18	90	0	113	0	107	0	72
0	109	28	68	0	92	0	102	0	94	0	91	0	99	0	106
0	93	29	62	0	104	0	77	0	87	0	97	0	107	0	96
