R4:alt	R4:ref	R5:alt	R5:ref	R6:alt	R6:ref	R7:alt	R7:ref	R1:alt	R1:ref	R2:alt	R2:ref	R3:alt	R3:ref	R8:alt	R8:ref
20	67	0	111	0	101	0	87	31	73	40	47	0	93	0	121
26	78	0	91	0	104	0	105	29	74	58	39	0	97	0	93
0	92	0	98	55	60	0	101	0	96	0	113	0	87	0	88
0	112	0	105	35	65	0	93	0	126	0	98	0	112	0	98
17	102	0	85	0	95	0	93	0	118	3	102	0	102	0	108
24	70	0	102	0	100	0	96	0	94	0	92	0	90	0	95
0	96	0	99	0	97	0	95	0	113	0	84	0	97	35	70
0	105	0	83	0	109	0	96	0	98	24	63	0	96	0	102
0	95	0	96	61	50	0	116	27	77	0	92	0	102	49	56
0	106	0	92	37	47	0	88	25	90	0	112	0	103	55	44
0	110	0	101	64	56	0	97	21	97	0	95	0	89	46	56
7	103	0	119	0	98	0	94	26	75	0	111	0	108	0	87
6	76	0	98	0	96	0	110	24	76	0	89	0	103	0	92
0	104	0	108	0	91	0	89	0	99	23	84	0	107	0	96
0	106	0	98	0	94	0	82	30	75	0	93	0	110	0	117
0	88	0	104	0	110	18	65	0	101	0	95	0	105	0	97
0	106	0	107	0	98	0	88	0	104	0	89	0	115	27	65
19	85	50	52	0	96	0	101	0	85	0	98	43	56	0	100
9	94	47	46	0	103	0	102	0	107	0	98	44	38	0	89
0	93	0	106	2	96	24	71	0	96	0	90	0	104	0	108
0	100	0	110	0	108	0	101	0	83	0	91	33	58	0	90
0	94	0	95	0	105	33	56	0	94	0	98	0	102	0	100
0	105	0	102	0	104	0	91	0	103	19	88	0	101	0	111
0	97	0	102	0	102	0	91	0	80	19	62	0	96	0	93
7	83	0	112	0	111	0	120	0	100	0	95	25	72	0	107
0	98	29	91	0	99	0	88	0	96	0	109	0	108	0	123
0	98	0	94	45	56	0	93	0	106	0	94	0	83	0	84
27	67	0	99	0	97	0	108	25	82	41	64	0	102	0	101
0	101	0	89	0	97	0	96	0	81	0	94	32	77	0	88
23	76	0	101	0	104	0	98	0	89	0	112	0	101	0	116
0	99	0	103	0	93	0	94	0	95	0	100	0	103	26	78
0	108	0	105	0	115	15	85	0	109	0	99	0	105	0	96
0	104	0	99	0	106	22	73	0	105	0	93	0	111	0	101
0	111	0	96	0	103	18	67	0	101	0	95	0	122	0	87
0	101	0	110	0	92	26	65	0	102	0	101	0	115	0	99
0	111	0	102	0	98	22	84	0	102	0	106	0	81	0	95
0	105	0	96	30	67	0	85	0	96	0	90	0	98	0	97
0	102	0	84	35	64	0	120	0	85	0	103	0	85	0	100
25	85	54	49	1	101	55	46	0	114	0	99	53	41	1	114
0	109	0	86	0	95	0	99	20	96	0	90	0	94	0	118
13	82	0	102	0	81	0	106	0	106	0	97	37	52	0	110
0	99	0	94	0	106	17	68	0	89	0	102	0	88	0	92
3	92	0	108	0	106	0	98	26	82	30	62	0	79	0	90
0	107	0	81	0	107	0	102	2	84	35	79	0	106	0	107
0	113	0	101	0	117	0	107	3	104	35	63	0	87	0	108
0	100	0	108	0	89	0	98	5	99	42	66	0	88	0	91
0	85	0	70	0	94	0	103	0	96	0	105	15	75	0	106
0	92	0	109	0	110	0	118	0	86	0	98	25	94	0	102
28	77	0	94	36	50	0	89	48	42	45	49	0	88	48	66
0	101	0	94	2	110	30	74	0	105	0	111	0	104	0	104
0	81	0	95	37	65	0	98	0	91	0	106	0	91	0	111
0	125	0	108	0	115	0	105	0	100	0	87	0	93	24	73
0	88	32	68	0	110	0	108	0	77	0	103	0	103	0	108
0	104	28	64	0	89	0	98	0	99	0	99	0	109	0	86
0	105	0	98	0	89	0	97	23	94	0	82	0	105	0	97
0	96	0	98	0	106	16	90	0	111	0	96	0	91	0	92
0	114	0	94	0	109	0	94	26	70	0	105	0	106	0	106
0	98	0	98	0	89	0	120	26	85	0	89	0	95	0	98
0	106	0	82	0	93	0	102	0	100	0	87	0	92	30	84
0	108	0	82	0	99	0	98	0	100	30	60	0	99	0	86
30	74	0	105	43	53	0	103	41	46	49	60	0	100	48	46
24	72	0	121	59	56	0	89	51	40	53	51	0	109	57	53
15	66	0	102	66	68	0	98	40	67	53	43	0	96	39	60
0	93	0	91	8	94	0	93	0	89	0	114	0	111	17	89
0	91	0	80	0	89	0	103	0	96	0	106	28	79	0	73
0	94	0	114	0	122	0	109	0	99	0	80	31	71	0	102
0	114	0	95	0	94	0	108	0	99	0	122	41	81	0	119
0	100	0	102	0	100	0	109	0	96	33	60	0	97	0	111
3	85	0	94	0	90	0	101	24	61	34	50	0	92	0	85
5	112	0	108	0	100	0	113	17	88	34	68	0	115	0	98
0	109	0	109	0	87	0	101	18	74	0	95	0	113	0	106
0	98	0	83	0	88	0	107	11	81	0	115	0	101	0	94
0	112	0	93	0	88	0	76	26	70	0	90	0	102	0	88
0	102	0	99	0	90	0	116	19	57	0	108	0	108	0	90
0	93	0	94	0	96	0	95	19	75	0	101	0	94	0	109
0	120	0	95	47	42	0	98	0	104	0	78	0	93	0	106
0	91	25	82	0	108	0	89	0	80	0	111	0	95	0	81
0	99	23	70	0	96	0	87	0	105	0	91	0	98	0	102
0	106	28	70	0	103	0	103	0	110	0	117	0	94	0	84
10	69	41	55	0	111	40	55	0	99	0	108	45	45	0	92
0	100	44	49	0	110	0	86	0	89	0	95	0	93	0	104
0	100	51	61	0	116	0	112	0	94	0	108	0	100	0	109
0	109	0	85	0	93	25	71	0	100	0	104	0	98	0	108
0	94	0	113	0	109	0	102	0	94	0	94	25	67	0	110
0	99	0	90	3	107	16	68	0	85	0	93	0	102	0	94
0	108	0	99	0	112	27	68	0	89	0	89	0	105	0	93
0	70	0	80	1	104	31	73	0	104	0	95	0	103	0	92
0	89	0	101	1	116	18	81	0	96	0	101	0	105	0	96
0	106	0	109	0	91	33	94	0	108	0	93	0	98	0	108
0	111	0	75	0	100	0	91	30	88	0	99	0	76	0	95
0	98	0	91	0	102	0	84	26	72	0	108	0	83	0	106
0	88	0	95	0	114	0	101	27	101	0	99	0	103	0	109
0	92	0	119	0	77	27	83	0	104	0	100	0	97	0	97
0	106	0	108	0	91	25	81	0	111	0	96	0	108	0	103
0	109	0	112	0	87	0	98	0	79	21	63	0	97	0	96
0	99	0	108	0	98	21	72	0	119	0	93	0	102	0	91
0	112	0	103	0	119	19	79	0	102	0	88	0	84	0	104
0	106	0	89	43	60	0	103	0	102	0	90	0	105	0	101
16	99	0	102	0	102	0	111	0	85	0	96	39	75	0	115
15	87	0	73	0	108	0	95	0	110	0	104	0	95	0	81
12	85	0	95	0	100	0	96	0	107	0	91	0	86	0	116
0	95	0	92	0	103	0	108	0	103	42	76	0	94	0	103
0	108	0	103	0	103	0	102	0	106	0	94	19	75	0	104
0	87	0	112	0	102	0	100	0	113	0	97	0	109	24	85
0	107	0	106	0	98	0	108	0	100	0	115	0	92	20	93
0	87	0	105	1	127	52	63	0	125	0	88	0	101	0	107
0	99	0	108	0	86	47	40	0	116	0	98	0	122	0	97
0	99	0	106	0	103	37	48	0	105	0	92	0	106	0	105
0	100	30	69	0	85	0	92	0	106	0	99	0	84	0	102
0	89	24	72	0	96	0	87	0	88	0	112	0	95	0	93
0	115	0	97	0	116	0	104	0	99	24	66	0	94	0	92
0	103	0	111	0	102	0	108	0	110	29	65	0	91	0	114
