R4:alt	R4:ref	R5:alt	R5:ref	R6:alt	R6:ref	R7:alt	R7:ref	R1:alt	R1:ref	R2:alt	R2:ref	R3:alt	R3:ref	R8:alt	R8:ref
31	75	0	89	0	98	0	77	0	108	0	100	0	95	0	94
20	86	0	120	0	100	0	107	0	82	0	107	0	102	0	115
34	76	0	100	1	93	0	112	0	81	0	108	0	103	0	107
0	109	0	93	0	91	0	79	0	101	0	78	0	117	28	84
0	107	0	98	30	75	0	112	0	102	0	110	0	101	0	81
0	108	0	101	29	78	0	80	0	102	0	95	0	90	0	104
0	100	0	94	31	67	0	95	0	96	0	95	0	105	0	100
0	121	0	108	27	81	0	104	0	116	0	98	0	103	0	111
0	87	0	110	17	75	0	102	0	116	0	95	0	114	0	107
0	108	0	95	0	103	0	105	24	54	0	96	0	99	0	99
0	107	0	100	0	90	0	114	0	99	0	104	21	72	0	90
0	112	0	128	0	96	32	87	0	99	0	96	0	88	0	103
0	102	0	100	0	91	20	71	0	105	0	85	0	106	0	116
0	91	0	89	0	83	34	69	0	107	0	99	0	97	0	106
0	110	0	99	0	88	0	106	0	125	0	88	46	48	0	92
0	99	0	88	45	71	0	118	56	50	0	92	0	108	0	86
0	106	0	108	0	110	0	77	0	115	34	68	0	86	0	87
0	102	0	90	0	77	0	103	0	94	42	63	0	94	0	83
0	93	0	119	0	80	38	65	0	106	0	89	0	100	0	96
0	98	0	105	0	86	39	69	0	98	0	77	0	91	0	108
0	103	0	105	0	116	0	108	0	109	0	96	44	52	20	88
0	83	0	111	1	118	0	88	0	71	0	109	0	113	20	60
0	97	0	95	29	72	0	102	0	87	0	106	0	102	0	124
0	85	0	112	34	83	0	89	0	99	0	101	0	112	0	100
0	109	0	103	0	110	0	107	0	78	0	112	49	59	0	87
0	92	0	89	0	105	0	114	0	103	0	105	21	69	0	100
0	93	0	105	0	107	0	112	0	125	0	82	21	78	0	92
0	111	0	100	0	109	49	52	0	90	0	96	0	98	0	123
0	91	11	76	0	103	0	107	0	105	0	88	0	98	0	104
20	69	42	50	8	84	1	104	0	93	0	83	0	81	0	89
0	110	0	98	0	96	34	56	0	126	0	121	0	97	0	102
0	99	0	106	0	98	18	70	0	99	0	103	0	99	0	104
0	89	0	92	0	96	0	99	0	110	27	62	0	103	0	120
0	106	0	87	0	110	0	96	50	64	0	89	0	99	0	96
0	98	0	104	0	88	0	100	43	63	0	107	0	96	0	99
0	109	0	106	1	92	0	84	0	87	0	97	0	114	26	69
0	92	34	75	0	80	0	94	0	106	0	105	0	102	0	87
0	105	18	77	0	103	0	83	0	98	0	115	0	92	0	84
0	115	0	105	0	97	0	88	28	68	0	102	0	97	0	104
0	90	0	97	0	96	0	106	47	68	0	96	0	99	0	122
0	94	0	96	0	103	0	96	0	92	0	95	37	67	0	115
0	105	0	108	3	112	0	88	0	93	45	48	0	80	0	88
0	88	0	103	6	86	0	114	0	93	40	55	0	106	0	97
22	72	1	100	38	81	0	105	43	48	54	44	53	49	56	43
24	70	1	88	42	52	0	105	57	45	43	46	55	44	49	56
3	99	0	79	0	97	0	95	0	107	0	96	52	43	20	82
2	115	0	95	0	107	0	85	0	96	0	97	51	55	22	74
0	119	0	97	0	89	0	109	0	98	0	82	0	78	32	75
0	97	0	94	13	85	0	100	52	37	0	90	0	105	0	93
0	89	0	95	0	89	0	109	0	86	39	69	0	82	0	94
0	102	0	82	0	110	0	86	0	96	33	52	0	100	0	92
0	112	0	90	0	97	0	92	32	74	0	118	0	93	0	99
0	95	0	98	32	60	0	103	8	95	0	102	0	101	0	114
15	76	0	102	7	84	2	79	0	91	0	97	0	101	0	116
20	72	0	113	8	75	2	103	0	91	0	94	0	98	0	94
0	107	0	83	0	102	0	90	0	105	0	97	40	62	0	85
0	113	0	98	0	116	0	115	0	121	0	84	36	66	0	93
0	131	0	113	0	101	0	118	0	101	0	92	46	63	0	109
0	90	33	60	0	114	0	105	0	125	0	99	0	102	0	112
0	90	32	68	0	76	0	118	0	90	0	101	0	113	0	112
0	103	35	62	0	103	0	88	0	93	0	115	0	114	0	103
0	102	0	98	0	90	0	93	0	103	0	86	38	55	0	104
0	86	0	102	0	103	55	50	0	98	0	85	0	117	0	100
0	106	0	92	0	82	0	110	0	94	0	93	44	46	0	97
0	104	0	81	0	101	56	49	0	81	0	116	0	105	0	93
0	96	0	103	0	99	0	95	0	99	0	94	0	100	28	72
27	91	47	46	5	92	49	48	0	109	0	98	0	100	0	107
23	92	58	51	11	108	56	68	0	103	0	110	0	117	0	95
0	102	0	107	4	106	0	101	0	102	43	56	0	105	0	108
0	89	0	99	5	104	0	107	0	106	50	51	0	97	0	97
0	111	0	96	3	103	0	90	0	99	62	60	0	84	0	84
0	91	0	97	1	107	0	85	0	96	47	46	0	92	0	96
0	91	0	99	0	91	0	113	0	98	37	56	0	106	0	88
0	112	0	109	0	77	0	102	0	96	31	61	0	103	0	106
0	90	0	103	0	90	0	101	50	64	0	99	0	94	0	96
0	100	0	113	0	99	0	85	0	93	0	100	45	61	0	83
0	114	0	120	0	93	0	102	0	95	0	106	42	69	0	96
0	105	0	98	0	86	0	103	37	66	0	100	0	117	0	108
0	108	0	101	26	69	0	111	0	119	0	98	0	93	0	106
0	101	0	92	0	106	42	56	0	91	0	91	0	98	0	92
0	89	40	73	0	114	0	91	0	104	0	108	0	98	0	91
0	117	31	63	0	100	0	88	0	112	0	95	0	99	0	99
0	104	33	72	0	94	0	83	0	105	0	90	0	99	0	114
0	86	0	115	6	99	0	96	0	85	44	43	0	98	0	94
27	81	0	101	35	45	0	106	58	56	0	96	0	74	0	114
22	64	0	82	36	53	0	91	52	59	0	103	0	102	0	115
0	120	0	123	0	85	0	91	0	85	0	99	38	54	0	102
0	120	0	108	0	113	0	108	0	95	0	99	35	57	0	102
0	95	0	96	0	102	0	93	0	91	0	113	47	56	0	94
0	113	0	96	4	107	0	101	34	63	0	104	0	86	0	97
0	105	0	101	7	84	0	95	42	65	0	106	0	95	0	105
0	107	0	99	9	86	0	97	42	54	0	106	0	110	0	75
0	91	0	83	0	109	35	56	0	106	0	90	0	85	0	99
0	99	0	92	0	90	0	95	0	107	0	124	0	100	23	68
0	95	0	92	0	98	0	104	0	91	0	106	45	59	0	90
0	101	0	91	0	94	0	91	0	91	0	85	54	52	0	99
0	90	30	77	0	102	0	71	0	97	0	116	0	101	0	90
0	101	34	76	0	91	0	120	0	97	0	104	0	104	0	93
0	95	28	68	0	84	0	100	0	90	0	93	0	114	0	111
0	98	30	78	0	117	0	91	0	106	0	87	0	92	0	101
0	101	0	100	0	98	0	81	0	95	36	78	0	97	0	103
0	97	0	107	0	100	0	86	0	126	41	83	0	96	0	81
0	101	0	100	0	103	0	96	0	97	39	54	0	94	0	107
0	110	0	107	0	111	0	104	0	96	0	82	0	106	24	78
0	107	0	120	0	96	0	112	0	105	0	121	0	107	23	63
0	104	37	73	0	111	0	103	0	87	0	102	0	106	0	108
0	105	30	70	0	87	0	90	0	107	0	118	0	93	0	93
0	104	0	97	0	92	0	98	32	66	0	99	0	105	0	106
0	113	3	98	9	90	0	92	0	80	56	50	60	60	57	52
0	110	0	84	1	93	0	93	0	117	60	44	55	61	47	62
0	99	0	100	0	111	0	97	0	120	0	96	38	47	0	88
0	94	0	107	0	102	0	117	0	110	0	95	0	92	35	71
0	78	0	134	0	96	0	102	0	92	0	103	0	107	28	75
0	102	0	97	29	54	0	84	0	101	0	98	0	101	0	83
0	99	0	95	0	84	40	64	0	82	0	107	0	105	0	84
0	101	0	109	0	113	29	68	0	120	0	85	0	101	0	84
0	103	0	102	0	95	0	93	29	84	0	102	0	112	0	101
0	99	26	69	0	87	0	115	0	90	0	106	0	111	0	95
0	92	0	90	0	114	0	108	0	117	0	105	34	53	0	111
0	89	0	98	0	104	0	96	0	100	0	103	0	90	25	84
0	97	0	94	0	100	0	102	0	95	0	104	0	89	30	73
0	86	0	89	0	83	0	95	0	109	0	98	0	89	22	95
0	94	0	79	32	62	0	94	10	64	0	97	0	109	0	99
0	115	0	106	22	74	0	96	12	87	0	104	0	100	0	113
0	94	0	104	0	104	0	103	30	68	0	107	0	97	0	106
24	82	52	51	4	83	3	100	0	92	0	112	0	101	0	94
22	77	44	58	5	99	3	85	0	89	0	80	0	99	0	86
14	77	37	45	6	83	3	99	0	94	0	105	0	123	0	84
0	91	0	112	0	103	43	66	0	113	0	89	0	100	0	97
0	81	0	107	0	106	37	64	0	96	0	94	0	115	0	74
0	107	0	102	0	117	48	72	0	110	0	81	0	92	0	87
0	105	0	94	0	104	46	64	0	92	0	108	0	103	0	109
0	107	0	102	0	100	0	94	0	106	0	104	33	70	0	87
0	96	0	97	0	110	0	111	0	72	0	109	0	110	31	70
0	81	0	94	0	105	0	107	0	80	0	105	0	79	28	75
0	103	0	86	0	94	0	105	0	109	0	111	0	115	19	66
0	104	37	67	0	100	0	96	0	102	0	96	0	114	0	99
0	86	26	72	0	96	0	94	0	100	0	106	0	101	0	107
0	102	25	67	0	117	0	81	0	95	0	86	0	115	0	94
0	96	0	103	0	103	0	116	27	82	0	110	0	100	0	89
0	114	0	96	0	119	0	97	25	69	0	90	0	106	0	109
0	86	0	89	2	96	0	99	0	93	0	94	0	81	36	69
0	97	0	109	1	95	0	96	0	84	0	104	0	101	25	66
0	110	0	102	0	93	0	102	38	55	0	96	0	98	0	98
0	102	0	83	34	63	0	97	0	103	0	110	0	106	0	98
0	89	0	94	38	64	0	109	0	98	0	93	0	91	0	92
0	106	0	98	22	83	0	107	0	95	0	96	0	100	0	103
0	101	0	120	0	114	0	89	0	110	0	104	30	80	0	105
0	105	0	112	0	112	0	110	0	95	0	107	22	81	0	103
0	99	0	114	0	94	0	91	0	92	0	99	0	96	26	72
0	96	0	108	0	102	0	118	0	125	0	97	0	88	23	70
30	60	0	108	4	91	0	103	0	107	0	100	0	110	0	93
0	108	0	94	0	104	41	46	0	89	0	101	0	101	0	92
0	102	0	108	0	97	55	48	0	83	0	78	0	91	0	115
0	102	0	113	0	98	0	92	0	101	0	100	49	64	0	102
0	96	0	105	0	108	0	102	39	77	0	98	0	99	0	116
0	92	0	110	0	88	0	100	38	56	0	104	0	89	0	94
0	114	33	84	0	116	0	78	0	86	0	104	0	110	0	90
0	118	40	62	0	82	0	92	0	91	0	92	0	93	0	91
0	118	28	77	0	101	0	123	0	87	0	103	0	88	0	96
0	89	0	95	0	100	0	99	0	103	0	89	0	109	26	90
0	89	0	102	4	94	0	118	0	92	60	51	0	100	0	106
0	111	0	103	6	94	0	93	0	100	44	49	0	100	0	95
0	110	0	107	0	105	0	98	0	95	32	70	0	100	0	88
0	98	0	96	0	104	0	94	0	86	31	65	0	91	0	97
0	107	0	95	0	119	34	59	0	83	0	128	0	90	0	94
0	98	0	98	0	88	34	51	0	103	0	96	0	91	0	84
0	91	0	104	0	98	32	66	0	123	0	98	0	103	0	86
0	97	0	82	0	91	0	111	0	105	0	122	0	96	27	81
0	97	0	86	0	103	0	102	0	105	0	95	0	90	19	85
0	104	31	74	0	91	0	103	0	100	0	103	0	111	0	102
