R4:alt	R4:ref	R5:alt	R5:ref	R6:alt	R6:ref	R7:alt	R7:ref	R1:alt	R1:ref	R2:alt	R2:ref	R3:alt	R3:ref	R8:alt	R8:ref
0	113	0	103	0	102	0	108	0	98	0	91	23	66	0	113
0	96	0	103	0	104	0	116	17	69	0	101	0	96	0	101
0	95	0	114	0	87	0	94	30	81	0	100	0	98	0	99
0	100	26	82	0	109	0	108	0	93	0	99	0	78	0	90
0	118	0	87	0	89	13	72	5	99	0	98	0	105	0	88
0	94	0	98	43	61	0	92	0	87	0	97	0	119	0	104
0	90	0	94	53	48	0	100	0	99	0	63	0	112	0	119
0	100	0	107	32	64	0	112	0	95	0	112	0	96	0	102
0	98	0	104	0	103	27	81	0	100	0	90	0	94	49	46
0	88	0	91	0	104	9	87	0	100	0	109	0	90	30	65
0	99	0	108	0	104	19	87	0	120	0	102	0	105	36	55
0	95	0	102	0	103	17	84	0	97	0	99	0	102	34	64
0	101	0	101	0	104	10	93	0	94	0	93	0	87	38	63
0	113	0	123	0	88	0	108	0	86	0	109	25	59	0	96
0	100	0	113	0	105	0	102	0	87	0	97	31	65	0	121
0	137	0	100	0	103	0	104	0	104	0	93	0	103	45	63
0	92	0	106	0	91	0	96	0	96	0	98	0	104	37	74
0	104	0	104	0	106	0	83	8	93	0	106	38	66	0	110
0	104	0	113	0	89	0	106	4	96	0	105	30	87	0	96
0	108	33	76	0	108	0	101	0	89	0	99	0	100	0	92
0	96	30	55	0	88	0	111	0	84	0	107	0	85	0	90
0	99	0	89	0	105	0	101	0	108	47	53	0	103	0	103
41	59	0	108	0	85	0	87	0	91	0	107	0	100	0	99
0	92	0	103	0	102	3	94	28	74	0	102	14	84	1	95
27	50	0	101	0	83	2	112	0	89	0	109	0	91	0	91
0	84	0	109	0	88	0	100	0	95	39	73	0	110	0	94
0	113	0	68	0	89	0	96	0	87	55	52	0	96	0	105
4	94	29	68	41	48	1	101	0	105	0	103	0	87	0	96
8	108	21	59	52	60	0	111	0	119	0	108	0	106	0	115
0	118	28	62	0	100	0	112	0	98	0	91	0	95	0	101
38	61	0	103	0	86	2	101	0	92	0	97	0	96	0	102
0	83	0	93	0	90	0	89	24	69	0	86	0	101	0	94
0	89	0	92	0	87	0	108	30	71	0	93	0	88	0	91
0	88	0	116	0	121	0	96	29	78	0	102	0	77	0	100
0	103	0	102	0	109	0	106	0	101	0	112	31	72	0	101
0	92	25	70	0	100	0	90	0	90	0	101	0	84	0	88
0	99	33	81	0	100	0	88	0	93	0	110	0	97	0	96
0	84	27	64	0	102	0	92	0	94	0	96	0	86	0	97
26	57	0	96	0	106	0	96	0	91	0	80	0	87	0	90
30	77	0	108	0	103	3	107	0	98	0	81	0	100	0	97
41	63	0	90	0	102	4	94	0	103	0	76	0	115	0	95
0	119	0	95	0	97	16	72	6	98	1	81	0	93	0	97
0	108	0	93	0	108	12	85	0	102	0	97	0	107	34	66
0	118	0	116	0	107	32	81	0	97	0	87	0	90	59	46
0	103	6	96	0	98	2	97	7	79	44	50	0	105	0	118
0	82	7	93	0	102	1	105	6	84	45	54	0	90	0	108
0	92	0	104	0	78	0	105	0	90	59	58	0	103	0	99
0	98	0	91	0	98	0	95	0	100	58	47	0	86	0	95
27	58	0	92	0	86	2	98	0	106	0	105	0	106	0	128
26	70	0	99	0	103	1	97	0	76	0	96	0	98	0	103
0	98	0	88	30	60	0	106	0	100	0	87	0	91	0	113
0	102	0	113	0	94	0	97	26	71	0	93	0	97	0	91
0	109	0	126	0	91	0	127	24	65	0	105	0	105	0	77
0	111	0	86	0	94	0	103	0	103	43	44	0	98	0	107
0	97	0	91	0	93	0	110	0	95	41	50	0	84	0	100
0	88	0	127	0	91	0	89	0	104	46	52	0	95	0	101
0	118	0	107	0	116	0	96	0	97	0	123	0	100	42	61
0	88	0	100	0	96	0	93	0	124	0	93	22	64	0	99
0	98	0	99	0	99	0	108	0	115	0	98	28	65	0	85
45	43	51	57	58	53	26	81	0	89	0	96	4	95	51	54
0	81	0	76	23	86	0	102	0	110	0	109	0	109	0	84
0	109	0	107	20	71	0	113	0	123	0	103	0	101	0	103
23	75	0	102	0	112	0	95	0	104	0	89	0	117	0	89
0	99	0	88	0	101	0	106	0	115	0	103	22	88	0	96
0	103	0	76	0	104	0	95	0	111	0	111	21	77	0	102
0	101	0	95	0	97	0	99	0	99	49	45	0	97	0	89
0	99	0	91	0	102	0	99	0	94	0	102	0	96	28	62
53	44	0	97	0	104	0	85	0	106	0	93	4	98	0	101
22	67	0	85	0	107	0	84	0	99	0	116	0	110	0	107
31	62	0	99	0	89	4	88	0	115	0	105	0	76	0	111
0	86	0	90	40	70	0	107	0	104	0	119	0	91	0	100
0	98	0	119	27	54	0	95	0	94	0	121	0	96	0	111
0	106	0	106	0	95	0	103	0	92	57	58	0	93	0	85
0	71	0	110	0	111	0	97	23	78	0	91	0	96	0	95
6	91	0	102	43	45	0	100	0	107	0	92	0	106	0	115
7	100	0	88	51	42	0	112	0	104	0	95	0	96	0	99
0	99	29	79	0	92	1	96	0	99	0	100	0	102	0	103
0	89	0	100	0	80	0	102	24	73	0	112	0	83	0	96
0	105	0	85	0	107	0	101	28	67	0	91	0	105	0	92
0	99	0	101	0	106	0	91	30	72	0	112	0	110	0	119
0	111	0	104	0	100	0	90	41	66	0	71	0	104	0	95
0	107	0	92	0	98	0	85	0	96	0	83	23	84	0	99
0	88	0	112	0	97	0	108	0	106	0	96	0	90	44	78
0	107	0	96	0	107	0	80	24	76	0	92	0	106	0	102
0	108	0	102	27	65	0	97	0	109	0	113	0	108	0	103
0	103	0	92	27	71	0	78	0	86	0	84	0	66	0	94
0	99	0	85	27	77	0	99	0	105	0	105	0	100	0	101
0	99	0	89	0	83	8	89	12	88	1	100	0	106	0	94
0	100	0	113	27	71	0	113	0	100	0	85	0	97	0	116
0	107	10	94	0	109	30	73	16	87	47	45	0	99	0	78
16	78	0	94	0	98	0	98	0	102	0	122	0	100	0	96
23	75	0	81	0	90	0	103	0	121	0	106	0	86	0	122
0	88	0	96	0	90	10	86	0	101	0	107	0	98	37	73
0	104	28	78	0	86	0	100	0	107	0	116	0	121	0	106
0	99	29	66	0	93	0	87	0	89	0	85	0	94	0	107
0	100	0	97	0	99	0	101	0	108	0	88	29	65	0	103
0	93	0	91	0	99	0	99	0	111	0	92	26	68	0	98
0	90	0	100	0	105	0	101	0	104	0	92	26	72	0	99
0	91	0	89	19	88	0	73	0	90	0	110	0	103	0	106
35	53	0	97	0	100	29	71	0	115	0	103	4	91	46	59
41	62	0	94	0	106	30	74	0	105	0	90	8	103	48	56
53	59	0	97	0	105	27	70	0	93	0	110	4	86	56	49
48	48	0	110	0	93	28	69	0	115	0	102	12	94	50	51
42	72	0	107	0	114	4	98	0	107	0	127	0	88	0	99
0	111	0	97	0	98	0	106	0	90	0	97	37	65	0	109
0	105	0	89	0	110	0	116	0	96	0	116	22	62	0	81
2	75	43	77	52	51	0	81	0	106	0	109	0	89	0	105
0	90	0	116	0	103	0	103	8	104	38	55	0	94	0	97
0	90	0	116	0	91	0	99	5	88	51	47	0	113	0	110
0	98	22	68	0	109	1	96	0	99	0	102	0	87	0	97
0	85	29	65	0	121	0	107	0	91	0	88	0	119	0	107
18	68	0	108	0	115	0	88	0	108	0	113	0	95	0	89
20	64	0	98	0	88	0	90	0	90	0	95	0	111	0	104
0	102	0	97	0	92	0	97	0	100	0	96	28	65	0	92
0	84	0	96	0	88	0	92	29	74	0	95	0	91	0	92
0	92	0	94	0	97	0	126	21	75	0	101	0	99	0	107
0	113	0	96	0	94	3	88	36	62	0	109	41	55	2	94
46	69	0	103	0	87	4	96	0	104	0	112	0	96	0	114
0	95	0	114	25	70	0	90	0	107	0	88	0	108	0	103
0	95	0	103	54	36	0	113	0	108	0	106	0	89	0	100
0	101	0	104	35	57	0	108	0	106	0	101	0	94	0	88
0	93	0	107	0	92	0	90	0	89	0	88	0	87	27	61
