R4:alt	R4:ref	R5:alt	R5:ref	R6:alt	R6:ref	R7:alt	R7:ref	R1:alt	R1:ref	R2:alt	R2:ref	R3:alt	R3:ref	R8:alt	R8:ref
0	81	0	105	0	85	0	102	18	88	0	109	0	87	0	97
0	99	2	85	0	114	0	109	0	84	0	95	36	66	0	112
21	74	0	98	0	104	0	118	0	101	0	105	0	91	0	96
0	87	0	126	0	110	0	92	0	77	0	94	26	62	0	102
0	113	27	62	0	114	0	101	0	88	0	92	0	108	0	102
36	76	0	104	0	107	0	89	0	93	0	98	0	91	0	108
0	89	11	93	29	86	0	105	0	98	0	110	0	91	0	106
0	96	12	82	15	71	0	97	0	93	0	97	0	91	0	108
0	102	0	98	0	104	0	107	0	91	0	90	0	107	23	74
0	92	0	102	0	108	35	71	0	81	0	111	20	68	0	100
0	75	2	100	0	115	40	58	0	112	0	96	22	85	0	108
0	106	26	75	0	100	0	112	0	102	0	117	0	99	0	91
0	106	0	99	0	104	0	100	0	77	39	60	0	96	0	102
0	94	0	98	0	99	0	93	0	107	45	44	0	104	0	108
0	93	0	112	0	88	0	112	0	99	0	118	25	61	0	97
0	94	29	73	0	106	0	94	0	112	0	115	0	87	0	81
0	90	0	79	35	79	0	97	0	95	0	93	0	99	0	108
0	101	24	76	0	100	0	102	0	98	0	102	0	91	0	81
0	92	33	57	0	100	0	95	0	94	0	101	0	97	0	89
0	107	0	112	0	91	2	97	48	53	0	101	0	110	0	108
0	89	0	104	0	103	1	99	49	46	0	106	0	82	0	103
0	92	10	98	30	67	0	103	0	100	0	91	0	109	0	117
0	92	15	100	21	59	0	103	0	103	0	109	0	88	0	94
0	104	14	104	23	83	0	89	0	104	0	112	0	109	0	119
0	113	0	87	0	92	0	110	0	121	0	96	0	92	36	67
0	101	0	89	0	90	0	103	0	91	0	97	0	97	32	68
0	102	0	102	0	102	33	52	0	116	0	113	0	108	0	97
0	103	0	94	0	95	34	56	0	106	0	81	0	108	0	102
27	87	0	123	0	94	0	100	0	117	0	95	0	100	0	111
24	79	0	105	0	120	0	104	0	113	0	95	0	93	0	90
0	97	0	87	0	105	0	88	0	107	0	112	0	98	28	78
0	94	0	113	0	90	0	101	0	121	0	89	0	99	29	78
0	112	1	95	0	102	0	124	0	95	0	102	23	85	0	100
0	89	2	105	0	95	0	90	0	98	0	117	24	76	0	88
0	112	35	70	0	96	0	100	0	109	52	46	0	105	56	57
0	104	0	102	0	93	0	100	0	99	46	50	0	97	0	110
0	105	11	88	19	69	0	98	0	97	0	114	0	116	0	93
0	96	13	77	19	65	0	104	0	105	0	83	0	98	0	82
0	81	24	87	29	48	35	59	49	47	0	111	39	45	3	78
0	91	18	86	54	45	35	71	45	44	0	104	54	53	3	98
0	93	0	89	22	66	0	85	46	49	0	107	0	89	0	66
0	108	0	103	0	102	34	67	0	101	0	100	0	94	0	107
0	102	0	107	0	117	0	97	0	115	0	92	0	95	36	72
0	89	40	74	0	90	0	99	0	85	0	93	0	86	0	96
0	85	3	102	0	118	0	93	0	74	0	110	39	77	0	101
0	99	4	120	0	95	2	100	0	84	0	100	39	82	0	101
0	92	1	98	0	113	1	95	0	97	0	103	42	76	0	107
0	114	0	86	0	99	2	103	0	102	0	123	33	71	0	101
0	89	17	61	0	96	0	109	0	96	0	129	0	104	0	112
0	100	37	68	0	95	0	91	0	91	0	85	0	108	0	97
0	105	0	97	0	108	0	111	19	71	0	111	0	104	0	105
0	99	0	111	0	118	41	65	0	110	0	90	0	102	0	102
0	98	0	109	29	87	0	83	0	80	0	106	0	107	0	108
0	103	0	94	23	81	0	106	0	93	0	106	0	97	0	113
0	105	0	100	0	108	0	99	37	59	0	96	0	95	0	94
0	99	0	93	0	104	31	68	0	99	0	94	0	108	0	100
0	81	0	106	0	99	0	107	0	94	0	86	31	85	0	74
0	90	0	94	0	75	0	114	0	110	0	112	30	75	0	97
0	112	0	91	0	76	0	91	0	96	0	112	23	70	0	106
0	89	0	102	0	97	0	95	0	83	0	97	31	88	0	106
0	110	0	104	0	98	0	96	0	87	0	87	18	83	0	87
0	132	0	97	0	88	28	69	0	102	0	103	0	96	0	107
0	92	0	82	0	78	27	57	0	96	0	85	0	106	0	87
0	105	35	61	0	106	0	107	0	101	48	45	0	97	38	56
28	80	0	99	0	91	0	98	0	112	0	104	0	93	0	96
0	89	0	102	0	92	0	105	0	94	0	101	0	100	50	46
0	111	0	100	0	85	0	101	0	104	0	116	0	99	32	48
0	88	0	107	0	105	0	116	0	95	0	93	0	101	33	76
0	112	0	93	0	97	0	105	0	104	0	95	0	103	25	68
0	102	0	93	0	103	24	79	0	103	0	108	0	102	0	102
0	99	0	94	0	74	30	66	0	85	0	107	0	116	0	100
0	114	0	94	0	82	37	59	0	83	0	93	0	99	0	94
0	87	4	99	0	117	0	108	0	93	0	95	32	59	0	97
0	99	19	66	0	122	0	104	0	96	0	88	0	108	0	94
0	105	0	105	0	99	0	106	0	94	0	89	33	84	0	96
0	134	0	92	0	97	0	104	0	89	0	100	37	67	0	106
0	102	0	104	0	95	2	81	39	59	0	96	0	97	0	89
0	84	0	109	0	111	42	71	0	103	0	98	0	91	0	106
0	91	0	105	0	94	0	109	0	105	46	44	0	98	0	96
0	105	0	74	0	104	0	91	64	46	0	101	0	89	0	109
0	100	0	106	0	104	0	100	50	58	0	118	0	97	0	107
0	90	0	90	0	94	1	89	60	58	0	88	0	101	0	92
0	109	0	100	28	84	0	83	0	96	0	91	0	92	0	92
0	106	0	104	0	100	38	62	0	104	0	106	0	112	0	116
0	91	0	101	0	111	30	65	0	85	0	109	0	86	0	114
0	98	7	80	29	85	0	101	0	79	0	98	0	103	2	109
0	105	14	80	42	61	2	90	0	102	0	85	0	107	2	73
0	99	10	80	29	63	0	102	0	116	0	90	0	103	0	97
0	92	0	106	0	98	0	96	0	94	0	109	0	98	42	50
0	105	0	101	0	95	0	109	0	93	43	50	0	86	0	91
0	96	0	121	0	112	0	92	0	101	0	103	24	66	0	112
0	106	25	61	0	115	0	105	0	73	0	105	0	77	0	98
0	106	46	82	0	100	0	112	0	110	0	123	0	82	0	108
0	98	0	86	0	102	29	64	0	89	0	102	0	79	0	107
0	105	0	118	0	114	0	91	31	97	0	112	0	96	0	84
0	89	0	127	0	100	0	112	28	69	0	87	0	90	0	114
0	108	0	116	0	102	0	81	0	92	50	53	0	99	47	54
0	91	3	116	0	97	0	95	0	112	0	100	17	84	0	92
0	85	2	87	17	76	25	63	48	59	0	87	61	54	0	107
57	46	0	110	0	100	0	106	0	100	0	102	0	91	0	111
0	94	0	93	0	107	0	106	0	111	0	122	26	80	0	95
0	98	0	96	0	89	0	103	0	103	0	82	31	77	0	106
0	106	0	107	0	104	0	108	0	103	0	93	25	71	0	112
0	99	0	82	0	100	18	66	0	94	0	84	0	93	0	90
0	96	11	104	25	78	0	98	0	94	0	111	0	96	0	102
0	97	0	86	0	94	15	68	0	109	0	112	0	94	0	95
0	94	0	95	0	112	30	67	0	87	0	93	0	111	0	107
0	90	0	104	0	101	0	87	0	100	0	121	0	83	48	60
0	89	0	91	0	106	0	102	0	92	0	99	0	92	40	66
0	113	0	100	0	93	0	80	0	105	0	103	0	105	35	39
0	93	34	71	0	111	0	113	0	120	0	125	0	90	0	102
0	113	32	72	0	94	0	105	0	93	0	98	0	86	0	98
0	83	20	49	0	119	0	109	0	96	0	90	0	91	0	96
0	99	0	88	0	123	0	104	0	107	0	102	0	94	53	62
0	107	0	118	0	88	0	95	0	107	0	93	0	98	48	73
0	113	1	93	0	89	0	91	0	89	0	115	14	87	0	91
0	105	1	102	0	102	0	88	0	103	0	104	23	72	0	97
49	56	0	86	0	115	0	108	0	99	0	108	0	100	0	90
0	99	0	94	0	87	0	112	0	104	0	110	25	85	0	110
0	101	0	102	0	103	1	113	56	60	0	119	0	91	0	103
0	102	0	95	0	98	0	111	0	96	0	84	0	97	29	62
0	103	0	114	0	111	0	95	15	85	0	99	0	96	0	97
0	113	0	100	0	99	0	102	20	72	0	99	0	88	0	98
0	96	0	108	0	88	0	84	23	84	0	108	0	108	0	107
0	94	30	73	0	91	0	116	0	99	0	105	0	93	0	94
0	105	1	91	0	97	33	49	0	110	0	120	18	85	0	90
0	97	0	92	0	86	0	105	24	59	0	88	0	102	0	93
0	104	8	79	27	70	0	110	0	116	0	105	0	91	0	110
0	105	15	80	22	79	0	97	0	102	0	87	0	85	0	112
0	107	0	109	0	116	25	75	0	108	0	112	0	95	0	115
0	125	0	90	0	86	36	67	0	93	0	93	0	108	0	141
0	103	0	90	0	122	0	96	0	97	0	100	36	69	0	98
0	94	0	107	0	122	0	81	0	109	0	103	31	79	0	92
