R4:alt	R4:ref	R5:alt	R5:ref	R6:alt	R6:ref	R7:alt	R7:ref	R1:alt	R1:ref	R2:alt	R2:ref	R3:alt	R3:ref	R8:alt	R8:ref
0	82	0	103	0	110	0	101	40	55	0	111	0	94	0	107
0	103	0	83	0	95	0	110	42	76	0	93	0	94	0	98
25	79	0	96	0	104	0	96	0	121	0	95	0	88	0	93
22	86	0	109	0	86	0	94	0	86	0	88	0	94	0	117
24	72	0	115	0	93	0	109	0	109	0	100	0	94	0	109
0	96	47	40	0	97	0	124	41	65	25	54	0	96	0	101
0	108	36	57	0	96	0	105	0	89	0	103	0	108	0	93
23	81	0	114	0	100	0	97	0	110	0	107	0	100	0	102
0	115	0	110	0	83	0	107	0	105	24	62	0	106	0	95
16	83	0	87	0	118	0	117	0	120	0	90	0	97	0	94
0	97	0	108	30	67	0	96	0	104	0	101	0	106	0	112
1	92	0	117	0	95	51	44	0	105	0	98	0	105	0	100
0	120	0	96	0	100	0	76	0	108	30	68	0	95	0	97
0	105	0	105	0	96	0	94	0	105	20	51	0	94	0	108
42	52	0	107	0	106	0	94	0	93	0	104	0	95	0	103
31	61	0	102	0	115	0	91	0	93	0	116	0	106	0	102
6	86	0	106	14	72	0	93	0	92	2	102	0	99	54	51
4	92	0	94	22	66	0	79	0	102	2	102	0	101	47	44
6	97	0	91	25	89	0	99	0	119	0	82	0	110	52	61
0	118	45	56	0	85	0	101	0	87	0	97	0	111	0	90
2	122	0	100	21	65	0	93	0	109	0	109	0	120	29	46
0	91	0	106	19	75	0	103	0	92	0	101	0	91	54	57
0	122	0	107	23	68	0	115	0	71	0	110	0	89	47	52
0	101	0	113	0	93	0	83	50	66	0	86	0	109	0	100
20	82	0	109	0	113	0	85	0	98	0	108	0	91	0	90
25	74	0	91	0	87	0	102	0	103	0	103	0	80	0	100
0	112	0	102	0	89	0	85	42	52	0	110	0	88	0	93
40	51	0	100	0	104	0	85	0	102	0	112	0	109	0	92
0	84	0	100	25	76	0	106	0	93	0	95	0	114	0	95
0	89	55	45	0	97	0	98	36	60	29	56	0	106	0	96
0	104	55	53	0	117	0	90	45	47	43	51	0	84	0	97
0	92	0	101	0	88	0	92	0	115	23	60	0	113	0	107
25	86	0	108	0	102	0	92	0	83	0	108	0	107	0	100
57	49	0	99	50	55	57	47	12	78	4	112	45	46	48	38
0	110	0	87	0	87	34	71	0	108	0	109	0	91	0	98
0	83	0	103	0	87	40	73	0	95	0	89	0	103	0	117
0	88	0	105	23	81	0	96	0	95	0	102	0	90	37	66
0	100	56	53	0	102	0	100	0	98	0	93	0	82	0	103
0	118	0	119	31	67	0	83	0	94	0	105	0	97	0	97
0	90	0	108	31	62	0	111	0	85	0	111	0	95	0	83
0	105	0	104	29	99	0	87	0	92	0	98	0	98	0	118
0	90	0	111	25	71	0	98	0	88	0	101	0	98	0	85
0	90	0	94	21	86	0	102	0	112	0	90	0	93	0	94
0	113	0	92	23	66	0	106	0	116	0	101	0	99	0	92
0	111	35	61	0	111	0	89	0	103	0	88	0	91	0	96
0	88	0	112	0	111	23	87	0	97	0	112	0	106	0	102
0	111	0	98	0	94	28	75	0	98	0	92	0	112	0	105
0	105	0	98	0	101	0	96	38	74	0	88	0	94	0	106
0	111	0	98	0	105	0	104	0	94	0	97	0	100	46	57
0	96	0	102	22	69	0	84	0	87	0	102	0	108	0	112
0	98	0	101	0	94	0	97	0	106	0	97	33	72	0	99
0	120	0	117	0	96	0	89	0	98	0	106	27	75	0	82
0	85	0	79	0	87	0	100	0	85	0	92	28	54	0	108
0	97	0	101	33	74	0	100	0	103	0	108	0	100	0	102
0	113	0	99	32	61	0	120	0	91	0	112	0	92	0	98
0	97	0	95	27	62	0	90	0	107	0	98	0	95	0	91
30	70	0	103	0	87	0	107	0	106	0	104	0	101	0	105
0	99	0	80	20	66	0	92	0	94	0	87	0	79	0	91
0	92	0	107	25	84	0	88	0	114	0	97	0	95	0	100
42	56	0	106	0	88	0	89	0	85	0	97	0	108	0	106
0	101	0	106	0	102	0	104	0	101	0	92	36	61	0	104
0	121	44	57	0	109	0	96	37	57	34	59	0	95	0	103
20	57	0	117	0	102	0	111	0	93	0	99	0	112	0	81
24	97	0	82	0	89	0	115	0	99	0	107	0	101	0	121
21	67	0	89	0	104	0	114	0	88	0	77	0	105	0	78
0	99	0	105	0	107	0	89	39	64	0	98	0	108	0	91
21	74	0	93	0	98	0	104	0	103	0	106	0	104	0	92
0	87	0	107	18	78	0	101	0	86	0	105	0	125	0	100
0	94	0	106	13	85	0	93	0	86	0	94	0	94	0	85
0	91	0	107	0	102	30	71	0	100	0	97	0	105	0	122
0	76	0	117	27	87	0	105	0	72	0	117	0	84	0	87
3	94	0	114	0	98	30	43	0	95	0	96	0	105	0	117
10	101	0	105	0	97	57	44	0	117	0	100	0	99	0	103
0	96	0	107	0	87	0	108	7	88	0	102	42	58	2	88
0	109	42	45	0	105	0	109	0	116	0	109	0	107	0	105
0	113	0	108	0	90	26	60	0	95	0	69	0	107	0	110
0	92	0	113	0	111	33	87	0	91	0	105	0	97	0	93
0	100	0	96	0	109	22	77	0	107	0	111	0	103	0	101
0	91	0	110	0	97	0	93	0	106	0	94	0	69	29	75
0	100	0	111	0	106	0	100	39	62	0	94	0	104	0	98
0	108	0	94	0	99	0	118	34	62	0	112	0	101	0	93
0	99	0	99	0	92	0	111	46	72	0	91	0	104	0	92
0	107	0	101	0	90	0	96	36	69	0	107	0	99	0	109
13	84	0	102	0	103	0	93	0	105	0	104	0	96	0	114
0	106	19	78	0	86	0	123	0	109	0	109	0	95	0	100
0	110	0	84	0	90	0	111	0	103	0	95	51	50	0	90
47	54	0	103	0	97	0	99	0	103	0	97	0	96	0	97
35	60	0	99	0	111	0	108	0	109	0	121	0	90	0	105
0	85	0	117	22	75	0	106	0	90	0	81	0	101	0	102
0	113	0	121	27	62	0	84	0	91	0	97	0	114	0	101
0	97	0	118	20	59	0	105	0	89	0	110	0	110	0	97
0	105	0	105	0	109	0	100	29	60	0	89	0	105	0	92
0	97	0	112	0	90	0	84	11	70	0	121	57	61	1	95
0	95	0	114	0	105	0	103	0	104	38	67	0	104	0	114
0	104	0	103	0	116	0	99	0	95	45	66	0	85	0	97
0	107	0	111	0	104	0	111	42	67	0	110	0	98	0	109
0	76	0	86	0	98	0	102	0	85	30	85	0	92	0	109
0	112	44	52	0	105	0	103	0	84	0	104	0	100	0	99
0	108	55	51	0	101	0	94	0	109	0	97	0	88	0	103
0	88	51	45	0	109	0	106	0	110	0	97	0	109	0	94
25	75	0	103	0	106	0	91	0	110	0	94	0	97	0	82
26	83	0	126	0	100	0	111	0	93	0	111	0	95	0	128
15	74	0	100	0	95	0	118	0	110	0	108	0	112	0	96
24	67	0	96	0	84	0	107	0	107	0	98	0	83	0	99
0	94	0	87	22	73	0	108	0	108	0	106	0	110	0	99
0	89	0	102	0	103	0	92	0	95	0	100	0	108	26	84
0	94	0	106	0	92	25	76	0	82	0	108	0	99	0	98
0	121	0	92	0	101	33	73	0	91	0	105	0	116	0	93
0	101	0	68	0	110	0	84	0	103	0	102	45	54	0	104
46	57	0	105	0	104	0	116	0	110	0	104	0	107	0	90
0	97	0	101	28	75	0	111	0	110	0	102	0	95	0	96
0	84	0	110	37	75	0	104	0	100	0	91	0	106	0	97
0	111	0	97	0	84	28	82	0	98	0	91	0	100	0	115
0	98	0	81	0	123	21	85	0	102	0	95	0	99	0	100
0	94	0	102	0	110	0	104	45	61	0	87	0	105	0	102
0	116	49	30	0	109	0	106	0	119	0	87	0	106	0	84
0	97	42	48	0	98	0	99	0	97	0	111	0	126	0	114
15	90	0	94	0	113	0	109	0	93	0	88	0	72	0	104
20	68	0	98	0	134	0	109	0	114	0	90	0	101	0	83
0	110	59	59	0	107	0	91	0	105	0	107	0	109	0	100
0	92	0	97	0	93	15	77	0	118	0	101	0	104	0	89
0	100	0	106	0	113	16	60	0	99	0	106	0	103	0	93
0	102	0	93	0	96	0	102	0	84	0	96	0	95	26	82
0	101	0	104	19	66	0	86	0	92	0	92	0	108	50	64
0	91	0	122	20	80	0	84	0	87	0	110	0	96	0	97
0	103	0	113	17	67	0	105	0	121	0	94	0	100	0	96
32	52	0	99	32	79	0	101	0	96	2	96	1	114	47	44
52	53	0	88	0	99	0	79	0	112	0	91	0	108	0	94
0	94	0	106	0	87	0	90	52	57	0	105	0	105	0	99
0	96	0	119	0	120	0	97	0	111	32	88	0	97	0	97
0	97	60	44	0	100	0	105	0	106	0	95	0	98	0	98
25	60	0	108	0	84	0	92	0	102	0	98	0	108	0	97
26	77	0	87	0	99	0	115	0	98	0	106	0	102	0	95
23	62	0	98	0	89	0	83	0	99	0	105	0	98	0	99
