R4:alt	R4:ref	R5:alt	R5:ref	R6:alt	R6:ref	R7:alt	R7:ref	R1:alt	R1:ref	R2:alt	R2:ref	R3:alt	R3:ref	R8:alt	R8:ref
0	110	0	92	0	98	0	109	0	110	0	102	0	103	35	60
0	80	0	91	0	97	0	106	0	93	0	86	37	86	0	107
0	89	0	118	0	94	0	107	0	92	0	102	0	97	18	83
39	52	3	96	0	99	0	112	0	84	0	95	0	86	6	98
57	54	2	101	0	105	0	95	0	108	0	103	0	106	2	91
40	53	0	91	0	101	0	109	0	100	0	114	0	97	0	102
46	56	0	101	0	97	0	115	0	104	0	86	0	97	0	91
1	93	0	94	0	81	0	96	0	82	0	109	4	108	33	67
0	100	0	104	0	106	0	116	0	121	31	71	0	110	0	105
0	107	0	109	0	91	12	86	30	67	0	112	0	103	0	117
0	92	0	107	0	88	0	102	0	109	0	96	0	103	22	77
0	112	0	105	0	97	0	115	0	88	0	94	0	103	22	81
0	110	0	113	0	103	52	61	0	92	0	107	1	120	0	105
4	94	55	59	0	93	0	101	1	103	17	75	0	94	0	93
0	133	0	81	32	51	0	95	0	87	0	103	0	88	0	102
62	44	0	88	0	99	0	118	0	97	0	113	0	105	0	91
0	87	0	106	0	93	0	106	0	97	20	81	0	109	0	95
0	115	0	103	0	118	0	90	0	107	24	71	0	99	0	98
0	112	0	113	0	98	0	99	0	100	23	72	0	95	0	93
0	100	0	98	0	96	15	81	27	70	0	105	0	78	0	101
0	100	0	99	0	109	0	98	0	100	0	101	0	86	31	65
0	99	0	100	0	83	0	100	0	101	0	96	28	70	0	101
0	84	0	113	0	126	0	110	0	99	0	86	30	76	0	107
1	111	0	91	0	127	1	101	4	113	30	59	0	83	0	95
0	92	0	87	29	55	0	115	0	94	0	110	0	109	0	94
0	99	0	89	0	83	0	87	0	108	27	76	0	107	0	81
0	106	0	83	30	50	0	93	0	112	0	94	0	87	0	95
0	99	0	79	0	94	16	83	0	100	0	92	0	97	0	111
0	81	0	97	0	94	17	80	0	97	0	111	0	109	0	91
0	83	0	110	0	87	18	85	0	93	0	97	0	110	0	92
0	101	0	111	0	103	0	113	26	55	0	110	0	102	0	88
0	103	0	101	0	81	0	98	34	67	0	91	0	99	0	110
0	106	0	119	0	100	0	85	21	72	0	119	0	103	0	82
0	126	0	101	26	87	0	102	0	109	0	107	0	79	0	103
0	94	0	111	27	61	0	99	0	98	0	105	0	93	0	83
0	100	0	98	0	91	0	96	0	99	0	80	16	85	27	61
0	86	0	93	0	80	0	96	0	84	0	102	15	85	31	62
0	85	0	97	0	91	0	97	0	116	19	66	0	98	0	99
0	107	25	96	0	107	0	99	1	116	10	76	0	98	0	92
0	109	0	125	32	60	0	113	0	93	0	94	0	72	0	120
0	93	0	100	0	105	6	69	29	79	0	89	0	104	0	90
0	86	0	97	0	104	9	93	34	69	0	107	0	100	0	92
3	98	0	99	0	93	0	95	0	103	0	97	4	98	34	66
0	105	0	106	0	117	0	105	0	81	0	104	15	94	0	95
0	106	0	101	0	114	0	108	0	95	23	74	0	104	0	99
0	103	0	112	0	101	13	89	0	102	0	92	0	108	0	93
0	98	0	105	0	97	0	120	34	58	0	86	0	102	0	96
0	114	0	99	0	102	0	93	30	79	0	99	0	79	0	97
0	116	0	124	40	57	0	76	0	83	0	95	0	94	9	74
0	118	0	92	37	78	0	108	0	83	0	101	0	90	4	77
0	91	28	76	0	92	0	122	0	100	0	110	0	99	0	85
0	112	23	75	0	92	0	90	0	107	0	107	0	113	0	96
45	55	0	103	0	95	0	99	0	96	0	100	0	100	0	101
40	43	0	98	0	98	0	95	0	110	0	84	0	106	6	94
0	98	0	100	7	115	40	58	17	79	0	109	16	89	35	70
0	99	0	103	29	72	0	80	0	108	0	102	0	109	0	100
0	93	0	110	0	116	2	99	5	96	44	56	0	109	0	97
45	59	1	99	0	108	0	95	0	121	0	105	34	59	8	95
38	66	0	90	0	93	0	112	0	85	0	98	39	71	3	93
0	107	0	125	43	62	0	91	0	109	0	97	0	86	10	101
0	96	0	105	46	63	0	100	0	88	0	129	0	102	5	104
0	113	0	112	32	66	0	107	0	97	0	88	0	80	10	102
0	111	0	98	0	88	0	99	0	112	23	74	0	92	0	97
0	111	0	117	52	57	0	102	0	115	0	115	0	99	0	115
0	86	0	79	31	58	0	105	0	104	0	92	0	101	0	112
0	107	0	90	0	92	27	82	0	103	0	95	0	117	0	109
0	100	0	84	0	106	16	81	0	90	0	105	0	105	0	121
0	96	0	96	0	94	0	84	0	96	0	103	26	72	0	100
0	91	0	114	0	95	0	108	0	91	0	117	37	60	0	100
0	101	0	105	0	106	0	96	0	94	0	92	33	67	0	83
0	107	0	98	0	98	0	82	0	108	0	106	28	58	0	100
27	63	0	97	0	90	0	89	0	98	0	98	0	95	0	87
0	92	0	87	0	106	0	107	0	102	0	87	18	89	0	96
0	102	0	108	0	77	12	91	32	57	0	107	0	94	0	125
0	107	0	104	0	101	0	80	33	67	0	92	0	96	0	102
0	111	26	72	0	114	0	103	0	101	0	106	0	110	0	111
0	96	21	69	0	101	0	108	0	105	0	114	0	97	0	105
0	103	0	98	0	102	25	72	0	83	0	110	0	97	0	124
0	104	0	105	0	98	21	74	0	109	0	93	0	123	0	104
0	121	35	78	0	106	0	95	0	76	0	99	0	107	0	129
0	87	0	112	0	81	45	57	0	96	0	100	0	109	0	94
0	102	0	98	0	95	35	52	0	100	0	108	1	114	0	90
0	111	0	80	0	120	0	112	0	88	22	87	0	97	0	97
0	106	0	92	46	53	0	99	0	121	0	91	0	126	0	86
0	85	0	112	0	103	0	75	0	121	0	81	34	66	0	100
0	95	0	101	0	106	0	88	0	103	0	89	32	54	0	90
0	82	0	108	0	90	0	110	0	91	0	93	29	72	0	104
0	94	0	99	0	121	0	108	33	66	0	111	0	96	0	79
0	97	0	93	0	95	0	100	30	87	0	104	0	97	0	93
0	96	0	67	0	90	11	87	24	69	39	58	0	102	0	97
1	97	0	117	0	120	8	106	34	60	28	57	0	79	0	120
0	91	0	97	0	78	0	89	0	103	0	115	37	75	0	84
0	110	0	97	0	95	0	104	0	112	0	99	30	64	0	90
0	92	0	80	0	98	0	107	0	88	0	91	0	100	26	69
0	105	0	87	0	101	0	91	0	116	0	113	0	71	38	78
0	100	0	109	0	108	0	97	0	121	0	72	13	71	0	114
0	109	0	104	0	105	0	103	0	78	0	82	2	109	38	69
0	97	0	104	0	108	21	73	0	99	0	105	0	100	0	98
0	104	0	91	0	109	41	48	0	109	0	109	2	92	0	101
0	106	0	96	0	81	40	53	0	87	0	81	0	108	0	91
0	90	33	78	0	81	0	113	0	97	0	101	0	92	0	113
38	61	0	98	0	111	0	84	0	83	0	108	0	83	4	89
45	44	0	103	0	96	0	110	0	116	0	103	0	88	4	111
0	97	0	100	0	87	0	101	26	51	0	82	0	90	0	91
0	115	0	99	0	100	0	89	0	101	24	73	0	102	0	109
0	114	0	83	0	108	0	103	0	98	17	70	0	102	0	104
0	101	0	111	0	87	0	85	3	75	15	69	0	130	0	96
0	93	0	95	0	107	0	93	8	109	39	72	0	101	0	91
0	103	0	99	0	98	0	113	0	108	0	119	0	107	24	69
0	101	0	96	0	124	0	109	25	57	0	109	0	82	0	118
0	122	0	112	0	117	0	83	33	70	0	114	0	111	0	97
0	96	0	94	0	93	0	107	46	69	0	113	0	105	0	88
0	84	0	93	0	100	0	113	21	75	0	110	0	107	0	113
