R4:alt	R4:ref	R5:alt	R5:ref	R6:alt	R6:ref	R7:alt	R7:ref	R1:alt	R1:ref	R2:alt	R2:ref	R3:alt	R3:ref	R8:alt	R8:ref
0	90	0	107	12	76	0	90	0	105	0	88	51	50	0	97
0	107	0	87	23	93	0	102	0	98	0	105	52	47	0	121
0	98	0	111	0	119	0	99	0	115	0	107	51	51	0	100
0	91	0	90	0	117	0	102	0	88	0	98	39	59	0	97
0	92	0	109	0	110	0	80	0	103	0	98	57	50	0	119
0	107	17	82	0	84	3	90	0	93	0	101	0	115	0	115
0	108	0	102	0	101	0	102	41	60	0	94	0	122	0	103
0	92	0	93	0	100	39	67	0	74	0	110	0	102	0	91
0	94	0	94	0	112	40	55	0	93	0	103	0	105	0	121
0	107	0	96	0	88	31	55	0	107	0	94	0	97	0	96
0	114	0	102	0	111	41	69	0	91	0	103	0	99	0	98
0	89	0	106	0	108	0	103	0	98	28	47	0	99	0	93
0	97	0	90	37	74	0	96	0	98	0	94	0	94	0	93
2	88	0	102	0	99	0	76	0	93	0	112	0	100	20	86
1	115	0	106	0	89	0	99	0	92	0	86	0	116	21	80
31	63	0	96	0	95	0	82	0	87	0	102	0	94	0	105
30	76	0	92	0	102	0	101	0	108	0	99	0	96	0	98
23	81	0	107	0	99	0	101	0	118	0	107	0	114	0	101
23	74	0	110	0	90	0	100	0	119	0	96	0	108	0	116
28	83	0	87	0	102	0	115	0	101	0	100	0	103	0	98
0	83	0	120	0	109	0	100	46	62	0	87	0	82	0	95
0	83	0	101	43	86	0	109	3	83	0	96	0	100	0	109
9	76	0	90	0	107	14	92	0	85	0	101	0	109	52	53
1	82	0	104	0	114	16	91	0	100	0	102	1	88	45	37
1	93	0	106	0	87	0	99	0	109	0	84	0	117	20	90
3	97	0	102	0	105	0	100	0	91	0	119	0	100	20	100
0	110	0	103	24	79	0	98	0	104	0	95	0	86	0	103
0	104	0	98	35	80	0	99	0	105	0	99	0	99	0	98
27	77	0	103	0	90	0	101	0	98	0	96	0	124	0	89
17	70	0	94	0	102	0	82	0	84	0	88	0	89	0	91
33	70	0	84	0	120	0	110	0	99	0	90	0	91	0	96
0	109	0	87	0	107	0	106	0	102	0	101	41	43	0	93
0	82	0	104	0	85	0	80	0	100	0	101	52	59	0	102
0	87	0	96	0	101	0	102	0	98	0	85	57	54	0	101
3	95	0	94	0	91	22	78	0	95	0	102	0	103	19	86
0	89	0	106	0	85	44	59	0	87	0	95	0	81	0	91
0	98	0	85	0	103	33	75	0	90	0	113	0	116	0	101
0	100	0	101	0	107	30	72	0	89	0	92	0	113	0	95
41	68	0	91	0	94	31	65	0	118	0	100	0	95	0	99
26	73	0	96	0	83	42	67	0	105	0	94	0	98	0	101
0	106	0	92	0	98	0	84	0	97	32	71	0	91	0	99
0	109	0	91	0	112	0	116	55	47	0	116	0	108	0	96
0	107	6	97	0	110	0	107	0	104	47	88	0	94	0	89
0	87	24	60	0	101	2	103	0	102	0	105	0	103	0	105
0	96	0	101	34	70	0	81	0	89	0	108	0	99	0	95
0	109	0	101	31	64	0	110	0	114	0	94	0	88	0	96
36	45	49	51	17	87	47	72	0	105	47	50	55	46	0	120
56	49	51	48	13	106	38	57	0	99	48	48	49	61	0	115
0	93	0	61	47	79	0	120	60	55	0	105	0	100	0	102
0	111	19	80	0	82	3	118	0	105	0	118	0	103	0	101
0	93	0	107	0	107	0	101	0	94	0	112	40	63	0	100
0	112	0	89	0	108	0	101	0	108	0	100	47	56	0	105
0	87	0	95	0	102	0	98	0	107	19	66	0	102	0	107
0	109	0	110	0	84	0	95	0	94	29	86	0	94	0	106
0	115	0	99	0	85	0	94	0	120	25	98	0	97	0	109
0	107	0	82	0	96	0	110	0	103	0	93	39	54	0	87
0	82	0	100	0	102	0	100	0	104	0	94	43	52	0	101
0	117	0	95	0	117	0	93	0	89	31	68	0	86	0	94
0	117	0	97	0	100	0	109	0	104	29	73	0	98	0	102
0	104	0	96	0	102	0	89	0	95	20	89	0	90	0	101
0	104	0	76	27	86	0	105	0	121	0	102	0	94	0	112
0	101	0	85	28	70	0	104	0	105	0	103	0	93	0	114
0	92	0	113	0	84	16	73	0	102	0	96	1	88	24	72
1	83	0	100	0	102	16	82	0	89	0	108	2	90	32	61
2	91	0	113	0	115	0	121	0	106	0	108	0	98	24	69
0	101	0	90	0	113	0	103	0	96	0	98	54	51	0	108
0	110	0	120	0	102	0	110	0	94	0	92	56	66	0	103
0	111	0	87	0	91	0	118	0	108	0	98	51	75	0	97
3	101	0	96	33	65	13	90	51	54	0	101	1	96	42	39
0	110	0	111	0	105	0	106	51	67	0	103	0	91	0	92
1	103	0	109	0	101	0	101	0	109	0	92	0	86	19	90
21	71	0	103	0	104	0	100	0	94	0	103	0	104	0	108
43	65	0	109	0	97	0	119	0	110	0	123	0	86	0	94
0	87	0	85	0	101	36	67	0	108	0	110	0	89	0	118
2	108	0	99	0	106	33	68	0	102	0	113	0	100	0	98
5	95	0	110	0	105	32	78	0	96	0	95	0	105	0	112
2	109	0	112	0	103	34	53	0	109	0	115	0	119	0	85
0	99	0	111	0	110	0	97	0	87	0	96	46	48	0	104
0	81	0	100	0	99	0	98	39	71	0	90	0	94	0	97
0	105	0	116	0	110	0	88	39	45	0	85	0	100	0	83
6	82	0	108	0	103	21	84	0	90	0	100	3	101	44	56
0	91	0	96	34	61	0	101	3	88	0	99	0	93	0	91
0	103	0	98	35	68	0	94	4	91	0	104	0	86	0	112
0	106	0	98	0	87	0	112	46	60	0	87	0	99	0	88
32	90	0	97	0	115	0	113	0	108	0	96	0	88	0	98
26	75	0	107	0	84	0	109	0	122	0	104	0	101	0	92
5	79	0	106	0	93	0	100	0	105	0	105	0	110	17	81
3	94	0	102	0	82	0	91	0	86	0	94	0	97	27	79
0	96	0	108	0	113	0	103	0	113	27	72	0	113	0	101
0	100	0	80	0	107	0	115	0	94	33	64	0	98	0	99
0	113	0	103	0	102	0	107	42	47	0	95	0	100	0	96
0	114	0	86	0	116	0	108	49	52	0	107	0	81	0	110
0	114	0	86	0	94	0	102	42	63	0	102	0	75	0	90
40	66	0	87	0	92	0	97	0	88	0	98	0	110	0	117
0	104	0	92	0	72	0	98	0	93	0	113	44	59	0	112
0	108	0	94	0	96	27	55	0	107	0	95	0	108	0	106
37	55	35	61	0	108	25	68	0	110	38	78	0	84	0	120
56	58	29	65	0	99	31	56	0	91	42	65	0	103	0	106
0	112	30	65	0	85	0	100	0	106	0	90	0	78	0	104
0	90	0	98	0	95	0	105	0	104	26	67	0	101	0	116
0	87	0	102	0	111	0	83	0	83	34	70	0	93	0	98
0	93	0	82	0	116	0	112	0	79	28	72	0	90	0	116
0	89	0	106	0	91	0	104	0	115	0	98	0	98	15	89
0	100	0	91	42	68	0	88	0	97	0	98	0	96	0	95
0	98	19	87	0	114	3	96	0	86	0	103	0	87	0	95
0	108	20	83	0	111	1	99	0	125	0	92	0	98	0	98
0	101	26	83	20	81	0	118	0	100	18	77	49	40	0	102
0	110	0	99	0	122	30	70	0	94	0	90	0	99	0	97
0	104	0	79	0	96	41	59	0	105	0	101	0	102	0	116
0	94	0	90	0	106	37	68	0	106	0	104	0	82	0	94
0	102	17	65	0	102	2	79	0	109	0	110	0	118	0	91
40	37	1	106	0	111	37	51	0	85	0	90	0	93	0	115
4	92	0	95	0	95	17	87	0	108	0	96	0	98	20	68
2	93	0	89	0	91	15	74	0	93	0	92	0	99	33	72
0	101	0	99	30	81	0	96	0	108	0	92	0	93	0	104
0	96	0	88	25	71	0	94	0	92	0	132	0	93	0	108
0	108	0	118	0	100	0	106	0	124	38	63	0	103	0	112
0	91	0	88	0	109	0	105	0	104	44	69	0	100	0	101
0	107	0	96	0	99	0	98	0	90	20	73	0	108	0	104
0	105	28	62	0	89	2	86	0	110	24	72	0	102	0	113
0	95	21	75	0	112	0	121	0	99	0	104	0	99	0	89
0	110	0	114	0	95	0	114	44	60	0	96	0	97	0	90
