R4:alt	R4:ref	R5:alt	R5:ref	R6:alt	R6:ref	R7:alt	R7:ref	R1:alt	R1:ref	R2:alt	R2:ref	R3:alt	R3:ref	R8:alt	R8:ref
0	88	0	116	0	101	0	86	0	105	25	79	0	97	0	95
0	96	47	53	0	98	0	102	0	88	0	106	36	52	0	95
0	88	46	56	0	92	0	108	0	110	0	100	46	44	0	103
0	108	0	90	5	79	52	44	55	50	0	90	0	94	0	99
0	105	0	109	0	100	0	82	66	57	0	102	0	82	0	95
0	114	0	96	0	76	28	64	0	104	0	85	0	81	0	84
0	97	0	92	0	86	28	65	0	110	0	101	0	92	0	100
0	94	0	95	0	97	0	93	0	91	0	106	0	99	52	40
0	101	0	105	0	103	0	87	0	84	0	92	0	111	43	54
0	103	0	110	35	68	0	86	0	110	0	111	0	97	0	102
0	109	44	60	0	100	0	101	0	84	0	95	0	109	0	104
0	97	39	55	0	92	0	102	0	115	0	115	0	111	0	101
0	97	45	50	0	92	0	100	0	88	0	105	0	88	0	88
0	131	45	57	0	97	0	102	0	91	0	112	0	112	0	101
0	102	49	52	0	123	0	95	0	100	0	106	0	83	0	117
0	92	0	101	0	104	0	104	2	98	34	55	0	95	0	104
0	100	61	45	0	91	0	101	0	94	3	102	59	51	45	49
34	43	0	105	0	99	0	112	0	97	0	90	0	96	0	81
50	52	0	97	0	90	0	106	0	102	0	104	0	109	0	101
41	55	0	82	0	111	0	111	0	107	0	98	0	107	0	101
0	117	0	102	0	114	25	60	0	108	0	82	0	99	0	105
0	99	0	94	0	101	27	63	0	81	0	97	0	91	0	83
0	95	0	103	0	96	43	67	0	103	0	94	0	89	0	79
0	104	0	105	0	119	0	89	0	98	0	105	0	129	30	57
0	95	37	61	0	78	0	96	0	114	0	99	0	109	0	107
0	83	42	62	0	93	0	96	0	93	0	103	0	102	0	105
0	85	35	69	0	90	0	90	0	93	0	116	0	90	0	103
0	117	37	57	0	96	0	103	0	108	0	97	0	98	0	111
0	94	0	119	26	62	0	96	0	102	0	105	2	100	0	117
0	99	0	130	0	114	0	108	43	54	0	100	0	105	0	98
0	77	0	112	0	112	0	105	0	104	0	112	38	50	0	106
0	103	0	130	0	103	0	101	0	110	0	100	39	51	0	106
0	92	0	107	4	99	50	44	49	44	0	103	0	107	0	90
0	92	0	102	13	81	0	82	0	109	0	105	4	84	0	93
0	92	44	47	0	105	0	104	0	105	0	126	7	95	0	105
0	112	45	38	0	99	0	95	0	90	0	97	12	77	0	96
0	79	0	104	0	97	0	93	0	98	0	109	45	61	0	110
0	90	0	94	0	90	0	91	0	95	0	87	41	57	0	88
0	98	0	96	0	103	0	104	0	96	0	97	46	48	0	120
0	92	0	98	50	48	42	65	66	55	0	102	0	91	0	108
0	89	0	93	0	104	0	91	1	89	45	62	0	109	0	89
0	106	0	92	0	79	0	91	3	88	37	63	0	104	0	109
0	99	0	101	0	98	0	99	0	81	33	69	0	89	0	101
0	90	0	119	0	113	48	51	0	89	0	80	0	108	0	87
29	73	0	94	0	103	0	103	0	101	0	105	0	99	0	103
0	106	0	106	0	76	0	94	49	43	0	91	0	95	0	120
0	103	0	115	0	95	0	95	0	94	0	116	36	64	0	97
0	99	0	110	0	96	0	109	0	98	0	100	51	67	0	92
0	119	0	88	47	54	0	101	0	77	0	100	0	76	0	85
0	96	0	83	20	77	0	102	0	93	0	103	0	116	0	103
0	85	0	117	0	98	0	106	47	52	0	90	0	91	0	104
0	100	0	116	0	101	0	93	66	62	0	101	0	76	0	93
0	95	0	99	0	115	0	99	0	103	0	105	0	99	58	50
0	102	0	91	0	105	0	97	0	100	21	65	0	98	0	96
44	66	0	111	0	98	0	102	0	83	0	105	0	91	0	83
42	77	0	103	0	105	0	94	0	102	0	118	0	102	0	104
0	130	0	91	0	93	0	94	0	108	0	94	35	55	0	94
0	93	0	112	0	101	0	81	0	103	0	94	36	51	0	95
60	48	52	50	0	103	0	88	0	91	64	53	49	43	56	47
49	48	57	66	0	95	0	95	0	103	52	48	35	53	51	40
0	109	0	94	1	97	0	107	50	42	0	94	0	81	0	112
0	109	0	106	0	91	31	50	0	97	0	105	0	109	0	106
0	105	0	97	0	106	51	44	0	94	0	115	0	120	0	93
0	96	0	103	0	106	0	115	0	85	30	58	0	115	0	103
0	82	0	111	0	108	0	92	0	97	0	124	50	64	0	112
0	115	0	86	0	109	0	99	0	101	0	103	42	45	0	101
0	95	0	105	0	114	0	72	0	101	0	96	0	119	46	55
33	62	0	94	0	89	0	104	0	125	0	99	0	101	0	97
28	56	0	97	0	87	0	90	0	81	0	89	0	103	0	90
37	59	0	118	0	106	0	111	0	94	0	102	0	114	0	109
0	110	52	50	0	98	0	105	0	90	0	111	0	92	0	112
0	101	44	66	0	97	0	99	0	102	0	91	0	104	0	93
0	91	0	113	0	99	46	52	0	116	0	112	0	95	0	95
0	106	0	117	0	106	0	97	50	42	0	112	0	87	0	98
0	101	47	53	0	102	0	108	0	88	0	85	48	56	0	100
48	46	0	82	0	116	0	103	0	104	0	105	0	83	0	112
49	42	0	113	0	93	0	110	0	99	0	107	0	114	0	99
47	48	0	95	0	97	0	118	0	101	0	119	0	88	0	106
44	52	0	110	0	78	0	111	0	116	0	109	0	97	0	91
0	120	0	105	47	65	0	95	0	100	0	102	0	88	0	88
0	87	0	103	46	71	0	95	0	98	0	101	1	90	0	104
0	106	0	94	39	61	0	86	0	100	0	98	2	113	0	103
0	79	0	108	42	76	0	87	0	111	0	98	1	92	0	98
0	107	55	53	0	100	0	96	0	104	0	116	0	94	0	94
0	96	43	43	0	125	0	100	0	98	0	100	0	105	0	103
0	102	57	47	0	107	0	120	0	100	0	80	0	116	0	102
0	97	0	103	0	112	0	105	1	91	48	57	0	94	0	116
0	93	0	99	0	113	0	119	0	106	0	85	0	100	44	53
0	102	0	111	0	104	0	110	0	105	0	96	51	49	0	95
38	81	0	96	0	117	0	113	0	100	0	117	0	118	0	127
25	83	0	94	0	100	0	107	0	120	0	107	0	98	0	100
27	64	0	107	0	93	0	113	0	91	0	104	0	97	0	109
0	106	56	50	0	104	0	115	1	111	49	61	50	62	51	54
26	85	0	96	0	100	0	99	0	86	0	101	0	109	0	106
18	66	0	106	0	97	0	111	0	91	0	99	0	111	0	95
40	67	0	94	0	98	0	97	0	95	0	89	0	90	0	103
0	104	0	110	35	62	0	95	0	94	0	99	1	82	0	100
0	102	0	97	0	107	0	103	0	88	5	97	0	100	55	47
0	101	0	102	0	96	0	86	0	96	8	99	0	76	47	58
0	86	0	107	0	96	0	87	0	105	8	93	0	77	37	43
0	105	0	100	0	104	0	103	0	104	0	124	42	41	0	105
22	84	0	88	0	122	0	103	0	98	0	94	0	87	0	82
25	71	0	110	0	98	0	91	0	97	0	104	0	92	0	97
0	103	0	95	0	122	0	110	30	72	0	91	0	97	0	101
0	105	0	101	0	96	0	110	37	56	0	90	0	94	0	93
0	102	59	46	0	87	0	96	0	84	0	94	0	104	0	78
0	103	62	35	0	94	0	110	0	111	0	113	0	88	0	107
0	99	0	107	42	55	0	100	0	97	0	94	0	102	0	107
0	85	0	102	44	64	0	103	0	107	0	95	2	91	0	88
0	110	48	53	0	81	0	85	0	97	0	85	0	113	0	101
0	109	0	96	60	44	46	56	53	37	0	117	0	87	0	97
0	100	0	101	51	66	50	54	56	57	0	109	0	81	0	105
0	85	0	100	0	111	0	81	38	50	0	91	0	93	0	109
0	105	0	104	0	97	0	103	34	60	0	94	0	100	0	109
0	119	0	96	40	71	0	100	0	99	0	96	1	109	0	108
0	97	0	82	0	94	0	101	0	76	19	89	0	98	0	91
0	105	0	96	3	80	0	83	52	57	0	101	0	103	0	110
0	119	0	90	0	109	0	114	0	106	35	70	0	106	0	89
0	98	0	105	35	60	0	86	0	94	0	95	1	88	0	118
0	105	0	109	0	84	0	104	0	93	0	106	40	48	0	113
0	89	0	97	0	102	0	92	0	113	23	80	0	92	0	98
0	112	0	87	0	109	0	97	0	91	12	79	0	121	0	94
0	105	0	103	0	101	0	94	0	101	33	73	0	95	0	112
29	69	0	96	0	100	0	98	0	97	0	95	0	103	0	98
21	84	0	92	0	109	0	92	0	112	0	105	0	102	0	104
0	103	0	111	0	110	0	106	0	102	0	112	37	68	0	87
0	87	0	118	0	92	0	119	0	105	0	114	22	68	0	93
0	99	41	81	0	83	0	103	0	106	0	99	0	103	0	112
0	103	41	75	0	106	0	103	0	102	0	89	0	91	0	110
0	87	0	106	0	111	0	99	0	102	0	90	0	84	25	79
0	85	53	56	0	110	0	103	0	95	0	90	0	110	0	89
25	88	0	105	0	88	0	95	0	101	0	99	0	98	0	117
25	84	0	127	0	110	0	104	0	108	0	95	0	87	0	100
