R4:alt	R4:ref	R5:alt	R5:ref	R6:alt	R6:ref	R7:alt	R7:ref	R1:alt	R1:ref	R2:alt	R2:ref	R3:alt	R3:ref	R8:alt	R8:ref
0	93	0	95	0	96	0	104	0	96	2	90	31	75	0	103
0	94	0	117	0	100	0	100	0	86	0	88	0	113	20	92
0	88	0	103	0	91	0	89	0	105	0	91	0	98	46	56
36	49	0	122	0	103	0	115	0	92	0	98	0	83	0	99
0	108	0	103	0	104	0	109	0	97	0	106	0	106	16	68
0	83	0	105	0	90	0	111	0	88	0	93	0	102	17	85
0	116	0	109	0	92	0	104	0	111	0	112	0	112	24	69
0	96	0	109	0	93	0	108	33	59	0	118	0	105	0	96
0	96	0	101	0	104	0	100	39	58	0	85	0	110	0	104
0	104	0	115	0	103	40	73	0	105	0	112	0	85	0	115
0	99	0	88	53	48	0	96	0	103	0	112	0	102	0	98
0	102	0	93	53	50	8	88	0	108	48	59	36	47	43	50
0	88	0	87	58	44	9	94	0	98	54	62	54	63	40	67
44	55	0	98	0	87	0	105	0	107	0	104	0	96	0	87
0	114	0	110	0	83	15	73	0	97	5	97	0	106	0	97
9	105	35	61	0	97	0	95	0	104	0	91	0	110	0	100
0	114	0	97	0	104	0	117	0	83	1	89	27	80	0	111
0	103	0	95	0	102	0	101	0	82	11	98	17	73	0	100
0	87	0	109	0	119	0	120	0	124	19	84	18	85	0	88
0	95	0	100	0	99	0	93	0	84	1	85	34	70	0	110
0	100	0	98	0	110	0	103	0	96	1	100	31	70	0	81
0	117	0	110	43	72	0	113	0	100	0	95	0	98	0	100
0	105	0	107	57	44	0	88	0	118	0	98	0	99	0	95
0	91	0	108	0	88	0	108	47	44	0	101	0	100	0	107
0	91	0	113	0	105	30	73	0	118	0	95	0	107	0	112
0	95	0	93	0	92	33	66	0	106	0	107	0	111	0	88
0	107	0	105	0	105	24	75	0	111	0	99	0	108	0	99
0	110	0	111	0	105	21	77	0	113	0	103	0	95	0	111
38	67	0	96	0	102	0	117	0	101	0	96	0	111	0	101
31	59	0	104	0	100	0	91	0	105	0	131	0	96	0	109
0	109	0	113	0	85	0	81	0	101	0	101	16	74	0	105
0	100	0	92	0	113	0	90	0	90	2	95	17	72	0	112
0	95	0	99	0	104	0	95	0	105	1	110	25	71	0	95
0	101	0	89	48	71	0	113	0	123	0	93	0	104	0	87
51	55	0	115	0	116	0	108	0	102	0	94	0	116	0	101
28	58	0	97	0	93	0	115	0	87	0	121	0	104	0	101
0	99	0	109	0	87	0	80	0	101	0	108	0	91	51	52
7	111	38	57	0	110	0	103	0	87	0	85	0	91	0	93
4	102	39	57	0	107	0	105	0	97	0	103	0	86	0	114
0	120	0	100	0	96	4	89	0	85	38	56	49	63	47	44
0	104	0	110	0	90	25	72	0	94	0	110	0	108	0	111
0	111	0	102	0	105	0	111	0	103	2	102	36	74	0	100
0	88	40	73	0	92	0	99	0	102	0	86	0	104	0	108
0	88	22	66	0	78	0	107	0	114	0	114	0	103	0	97
0	79	22	61	0	112	0	119	0	96	0	91	0	99	0	91
0	104	0	93	0	99	0	89	0	110	0	113	0	114	41	65
0	84	0	91	0	81	0	101	0	114	0	95	0	91	43	47
0	104	0	107	0	91	0	115	0	89	0	109	0	100	34	58
0	119	0	104	0	118	1	100	51	59	0	101	1	108	0	99
0	106	0	92	0	81	0	106	0	93	0	110	0	95	28	60
0	88	0	110	0	107	0	104	0	105	0	108	0	108	46	38
0	107	0	87	0	112	0	108	0	100	0	95	0	109	35	52
0	90	0	96	0	91	0	88	0	108	2	89	27	68	0	85
0	102	0	100	0	93	0	89	0	98	3	108	25	81	0	111
0	97	0	95	0	109	0	95	30	64	0	111	0	97	0	107
0	98	0	107	0	89	0	103	0	96	0	95	36	57	0	90
0	96	0	105	0	107	43	77	0	112	0	96	0	98	0	98
47	69	0	110	0	112	0	96	0	97	0	96	0	109	0	110
0	89	0	80	24	71	0	105	0	99	0	95	0	104	0	88
0	97	0	103	20	84	0	96	0	102	0	101	0	95	0	107
32	66	0	110	0	76	0	103	12	98	0	99	0	110	0	110
8	77	46	54	0	99	0	107	0	100	0	89	0	82	0	89
7	95	38	63	0	111	0	105	0	95	0	100	0	94	0	101
0	108	0	111	0	94	16	59	0	88	0	114	0	97	0	90
0	104	0	83	0	85	0	108	0	82	0	88	0	97	43	65
0	91	0	94	0	99	0	103	0	105	0	90	32	98	0	96
0	87	31	75	0	91	0	103	0	105	0	84	0	92	0	107
45	51	58	46	0	104	3	83	49	52	0	92	2	90	0	95
53	63	61	43	0	89	0	93	60	43	0	98	0	105	0	87
0	115	0	95	53	56	0	99	0	81	0	91	0	107	0	100
0	89	0	83	0	99	2	104	38	56	0	98	0	101	0	105
0	106	0	103	0	108	1	102	31	68	0	126	0	101	0	109
0	88	0	103	0	102	21	85	0	82	0	93	0	107	0	111
0	97	0	107	0	98	23	87	0	94	0	93	0	95	0	92
0	96	0	85	0	99	0	93	0	87	0	110	16	80	0	92
0	105	0	100	0	100	0	102	0	92	0	102	0	100	24	80
0	105	0	99	0	109	0	95	0	123	0	108	0	106	23	92
0	101	0	104	0	108	0	109	0	118	0	95	0	94	23	82
0	94	0	102	0	90	0	113	0	107	0	96	0	102	16	73
0	84	0	101	0	106	0	98	0	94	0	84	19	83	0	86
0	94	0	96	0	80	0	105	0	97	0	88	25	81	0	100
0	120	0	118	0	86	32	63	0	107	0	105	0	89	0	109
0	111	0	100	0	97	24	62	1	103	0	100	0	96	2	98
0	94	0	105	47	61	0	93	0	98	0	90	0	73	0	90
0	90	32	76	0	102	0	98	0	112	0	97	0	86	0	98
0	99	37	61	0	91	0	95	0	98	0	110	0	107	0	96
47	67	0	105	0	112	0	101	0	106	0	105	0	95	0	90
0	100	0	85	0	100	0	69	0	82	0	93	0	94	42	56
0	98	0	95	0	99	0	103	0	101	0	106	0	96	47	57
0	95	0	96	0	91	3	111	0	91	2	91	28	58	54	50
0	89	0	86	0	113	0	105	0	92	0	110	34	67	50	66
0	109	0	81	0	105	0	88	0	97	0	108	0	100	27	72
0	98	0	96	60	59	0	80	0	97	0	97	0	99	0	104
0	104	0	109	56	45	23	68	0	108	42	57	49	46	49	49
7	103	60	47	0	112	0	101	0	77	0	111	0	113	0	95
0	97	0	111	0	92	31	66	0	98	0	89	0	103	0	108
0	95	0	109	0	103	0	95	46	60	0	103	0	94	0	108
0	102	0	81	0	111	24	89	0	84	0	104	0	83	0	81
0	118	0	114	57	53	0	106	0	102	0	104	0	91	0	100
0	106	0	112	40	56	0	99	0	108	0	93	0	103	0	109
0	82	0	100	0	82	0	94	0	101	0	91	0	102	23	77
0	89	0	90	0	91	0	106	0	85	0	75	0	106	27	86
0	114	33	68	0	88	0	107	0	106	0	99	0	110	0	114
0	106	28	68	0	91	0	117	0	105	0	109	0	92	0	89
0	81	0	105	0	96	1	101	0	102	2	101	28	77	0	100
0	84	0	111	0	90	0	101	0	99	4	83	27	79	0	100
0	90	0	81	0	110	3	107	0	99	4	94	24	78	0	91
