R4:alt	R4:ref	R5:alt	R5:ref	R6:alt	R6:ref	R7:alt	R7:ref	R1:alt	R1:ref	R2:alt	R2:ref	R3:alt	R3:ref	R8:alt	R8:ref
0	97	29	81	0	97	0	103	0	114	0	111	0	101	0	93
0	96	17	67	0	109	0	104	0	98	0	101	0	93	0	82
0	97	0	111	0	101	0	102	0	90	45	63	0	115	0	93
27	82	0	96	0	105	0	92	0	94	0	92	0	94	0	104
0	108	0	95	0	96	0	118	38	58	0	91	0	95	0	101
15	97	0	122	0	103	0	103	0	100	0	109	8	81	4	87
14	87	0	92	0	117	0	97	0	117	0	112	12	92	1	103
13	91	0	95	0	97	0	107	0	101	0	106	6	93	1	85
29	72	0	106	0	115	0	98	0	91	0	95	0	112	0	111
0	96	0	81	0	103	23	62	0	104	0	115	0	88	20	83
0	113	28	83	0	96	0	99	0	99	0	98	0	70	0	105
0	86	19	73	0	102	0	106	0	103	0	120	0	122	0	99
0	101	10	103	54	43	0	120	0	76	45	57	0	86	0	114
0	106	15	76	62	54	0	104	0	111	47	53	0	106	0	104
0	90	15	95	53	46	0	88	0	99	37	48	0	99	0	101
0	97	16	81	45	53	0	111	0	102	37	54	0	96	0	87
0	107	0	93	39	64	0	92	0	107	0	83	0	92	0	104
0	97	0	89	38	62	0	105	0	96	0	97	0	104	0	91
0	97	0	106	0	125	0	97	38	79	0	101	0	98	0	109
0	102	0	119	0	109	0	121	0	102	0	115	0	97	27	62
0	106	0	106	0	108	1	100	0	110	0	105	0	116	34	63
35	65	0	91	0	88	0	102	0	102	0	92	0	103	0	90
0	100	0	93	0	84	0	110	23	78	0	102	0	103	0	112
0	103	0	87	24	76	0	102	0	88	0	105	0	89	0	101
0	94	0	91	0	110	2	107	0	98	0	95	0	94	30	69
0	96	0	105	0	109	0	103	0	101	0	84	0	81	32	78
0	88	0	101	0	104	1	88	0	112	0	98	0	101	35	53
0	97	0	97	0	112	17	98	0	97	0	93	0	112	0	104
0	92	0	100	0	102	25	67	0	94	0	86	0	99	13	83
0	98	0	88	0	89	23	89	0	107	0	106	0	99	23	92
0	122	0	105	0	93	28	85	0	103	0	97	0	99	19	77
0	124	0	110	0	92	0	96	48	53	0	123	41	75	0	117
0	93	0	96	0	96	0	121	0	109	0	99	16	84	0	103
0	103	0	118	0	99	0	74	0	96	0	121	27	72	0	98
0	102	0	87	0	102	0	110	0	111	33	54	0	97	0	118
0	103	0	121	0	85	0	122	19	71	0	107	0	91	0	80
0	92	28	63	0	85	0	104	0	103	0	91	0	101	0	100
0	99	20	84	49	50	0	106	0	91	0	92	0	101	0	95
0	101	0	93	0	92	0	102	0	116	0	89	0	93	41	76
0	101	0	104	0	116	0	98	0	101	0	95	0	92	35	50
0	98	0	83	0	120	0	115	0	97	31	81	0	98	0	98
2	106	0	107	0	101	22	87	0	106	0	107	0	93	0	108
29	67	0	112	0	96	0	89	0	85	0	100	0	100	0	104
3	89	0	98	0	95	27	86	0	99	2	90	0	93	0	102
0	100	0	100	0	97	0	100	42	43	0	102	0	106	0	109
0	91	0	116	0	101	1	102	0	103	0	107	0	98	42	69
0	93	0	92	0	108	1	99	0	109	0	105	0	110	29	57
0	95	0	108	0	92	0	97	0	104	0	109	0	109	39	74
0	107	0	120	22	76	0	96	0	89	0	100	0	98	0	85
33	57	30	57	0	101	56	58	64	59	5	97	47	47	12	83
51	76	32	67	0	87	56	57	52	56	6	86	36	62	23	79
31	51	28	58	0	105	40	45	51	57	5	101	40	77	26	86
36	74	37	66	0	90	45	48	44	51	1	107	38	70	15	81
0	91	0	103	0	106	0	118	0	80	22	65	0	97	0	86
0	90	0	98	0	89	0	99	0	106	26	78	0	86	0	108
0	109	0	94	0	87	0	95	0	89	33	63	0	111	0	84
0	89	0	93	0	85	23	85	0	106	0	106	0	114	13	83
0	106	0	92	0	87	27	86	0	101	0	88	0	87	19	92
0	99	0	86	0	91	29	83	0	95	0	104	0	116	10	80
0	83	37	72	0	105	24	74	0	97	0	113	0	105	20	90
0	106	0	89	0	104	0	87	0	110	0	103	0	113	37	70
0	76	1	114	0	96	0	100	0	87	48	49	0	105	0	84
0	95	0	111	0	103	0	105	0	89	0	102	25	85	0	87
0	97	0	84	0	97	23	74	0	123	0	96	0	107	0	89
24	72	0	76	0	90	0	87	0	97	0	100	0	105	0	123
31	61	0	101	0	98	0	103	0	114	0	77	0	95	0	119
32	67	0	109	0	101	0	110	0	101	0	101	0	90	0	100
37	86	0	105	0	111	0	90	2	95	0	98	0	90	0	110
36	43	0	100	0	89	0	115	0	107	0	79	0	96	0	98
0	91	0	103	0	101	0	97	48	52	0	100	25	53	0	99
0	104	0	88	0	85	0	100	40	58	0	107	39	65	0	90
0	104	0	86	0	88	0	111	0	113	0	106	0	98	30	61
0	104	0	99	35	65	0	107	0	115	0	101	0	109	0	95
0	91	0	99	0	81	18	74	0	112	0	96	0	96	12	73
0	102	0	90	0	90	0	104	0	111	20	87	0	82	0	101
0	84	0	103	0	109	0	93	0	112	27	78	0	106	0	98
0	101	0	98	0	105	0	105	0	117	24	74	0	106	0	104
0	105	36	79	0	90	0	99	0	127	0	107	0	102	0	103
32	63	0	104	0	109	34	85	50	47	0	106	25	58	0	95
0	110	0	85	0	84	1	81	0	104	0	99	0	98	33	61
0	103	0	101	0	89	0	92	0	110	37	55	0	95	0	89
0	91	0	103	0	119	0	101	0	93	49	37	0	98	0	105
0	101	0	118	0	90	0	91	52	58	0	92	0	97	0	100
0	93	0	88	0	108	0	104	37	59	0	99	0	102	0	92
0	113	0	99	0	98	25	75	0	108	0	101	0	75	0	102
0	105	0	126	0	96	21	75	0	92	0	111	0	105	0	84
0	116	0	91	0	103	9	90	0	102	0	102	0	81	0	99
0	88	0	107	0	89	3	103	0	90	0	95	0	112	37	51
30	71	0	109	0	95	0	94	0	95	0	87	0	109	0	86
32	55	0	77	0	90	0	87	0	101	0	100	0	108	0	78
31	60	0	123	0	92	0	100	0	99	0	106	0	119	0	96
12	87	11	77	50	48	0	105	0	117	48	52	9	89	1	109
0	110	0	96	0	120	2	98	0	99	0	101	0	113	41	66
0	88	0	107	0	85	2	94	0	103	0	120	0	103	27	54
0	80	0	101	0	99	3	105	0	90	0	107	0	88	29	67
0	104	0	85	0	106	0	111	33	67	0	123	0	102	0	114
0	102	0	109	0	99	0	82	44	63	0	113	0	81	0	109
0	93	1	106	0	101	0	106	0	103	45	64	0	110	0	95
0	95	1	105	0	112	0	86	0	87	50	62	0	85	0	109
0	92	0	93	0	92	0	87	55	51	0	94	23	65	0	86
0	108	0	120	0	96	0	81	52	61	0	91	26	77	0	93
0	110	0	104	0	95	0	106	31	65	0	101	24	71	0	93
0	103	0	95	0	96	0	84	46	58	0	113	0	97	0	107
0	91	0	88	0	114	21	75	0	107	5	101	0	94	0	115
2	83	0	97	0	110	24	80	0	108	7	109	0	107	0	89
0	98	0	93	0	101	25	79	0	99	0	106	0	103	0	89
0	109	0	89	0	110	31	64	0	81	0	95	0	115	0	100
4	108	0	96	0	105	23	90	0	106	0	83	0	106	0	94
0	101	0	97	0	109	22	98	0	99	0	112	0	87	0	107
0	104	0	100	0	90	16	71	0	89	0	97	0	100	0	104
0	103	0	101	0	94	0	89	0	89	37	54	0	94	0	103
0	118	0	95	0	89	0	97	0	86	45	71	0	102	0	103
0	88	0	96	0	105	0	89	36	67	0	118	0	91	0	94
44	75	0	97	0	122	0	89	52	49	0	104	33	66	0	98
0	86	15	89	47	39	0	95	0	115	0	82	0	91	0	103
