R4:alt	R4:ref	R5:alt	R5:ref	R6:alt	R6:ref	R7:alt	R7:ref	R1:alt	R1:ref	R2:alt	R2:ref	R3:alt	R3:ref	R8:alt	R8:ref
0	96	41	52	11	84	0	87	0	75	0	101	0	92	0	91
0	88	18	61	0	101	0	120	0	115	0	92	0	116	0	104
0	99	21	68	0	94	0	99	0	110	0	110	0	110	0	92
0	107	0	101	0	98	0	108	0	95	41	59	0	107	0	106
0	108	0	96	0	124	37	77	0	94	0	97	0	89	0	100
0	95	0	120	0	113	28	72	0	96	0	96	0	120	0	107
0	109	0	108	0	94	29	90	0	93	0	114	0	111	0	83
55	51	0	97	0	113	0	87	0	112	0	94	0	103	0	107
0	93	0	114	0	108	0	98	0	95	0	108	30	80	0	106
0	93	0	94	0	101	0	112	0	124	0	111	26	62	0	104
0	102	0	83	0	91	0	91	0	90	46	53	0	97	0	105
0	99	0	120	0	100	0	103	0	95	43	50	0	87	0	95
0	104	0	95	28	64	0	106	0	105	0	100	0	115	0	94
18	77	0	107	0	90	0	80	0	86	0	117	0	94	0	123
0	101	0	105	0	114	0	93	0	94	46	55	0	92	35	47
0	92	0	80	22	68	0	96	0	111	0	108	0	101	0	111
0	90	0	106	16	79	0	104	0	109	0	97	0	100	0	107
53	60	0	101	0	85	0	86	0	100	0	98	0	85	0	105
33	54	0	108	0	102	0	104	0	120	0	122	0	119	0	107
0	100	0	104	0	108	44	32	0	102	0	101	1	102	0	92
0	90	0	98	0	96	57	41	0	84	0	106	17	81	0	98
0	94	0	104	0	115	0	107	0	105	0	97	24	72	0	110
0	103	0	96	0	86	0	108	29	67	0	106	0	91	0	110
0	102	0	73	0	93	34	65	0	109	0	93	0	111	0	113
0	83	0	104	0	99	41	79	0	102	0	103	0	86	0	93
0	95	23	93	0	96	0	100	0	100	0	114	0	119	0	97
0	91	31	62	0	106	0	106	0	113	0	102	0	105	0	88
0	92	0	101	27	78	0	96	0	91	0	111	0	112	0	118
0	101	0	107	0	106	0	99	0	111	51	52	0	101	0	101
0	94	0	100	0	99	0	91	0	96	37	55	0	102	0	89
0	107	0	87	0	95	0	102	0	102	37	59	0	106	0	107
0	95	0	89	25	57	0	97	43	55	0	92	0	98	0	97
0	92	0	102	0	89	61	45	0	104	0	109	0	107	0	115
0	88	0	87	0	94	37	50	0	91	0	88	0	105	0	103
0	109	0	117	0	101	51	36	0	94	0	101	0	82	0	105
0	84	0	107	0	105	0	99	0	105	0	101	0	105	43	56
0	93	0	110	0	91	0	105	0	123	0	118	0	92	32	71
0	106	0	86	0	103	0	108	0	112	0	112	0	82	38	71
0	91	0	103	0	107	0	86	0	110	0	90	19	83	0	89
0	107	0	122	0	100	0	90	0	87	0	104	26	71	0	89
0	88	0	129	0	114	0	101	0	116	0	101	28	92	0	103
0	91	29	61	0	105	0	109	0	103	0	89	0	105	0	82
0	101	35	65	0	116	0	93	0	86	0	100	0	88	0	95
0	108	0	91	0	106	0	111	0	108	0	102	28	61	0	98
27	67	0	91	0	105	0	93	0	83	0	103	0	106	0	94
24	81	0	103	0	100	0	96	0	94	0	114	0	98	0	107
28	94	0	108	0	110	0	105	0	97	0	95	0	93	0	109
0	125	0	80	0	108	26	97	0	108	0	98	0	104	0	105
0	98	0	115	0	101	0	118	0	81	0	92	0	108	39	66
0	97	0	95	0	96	0	100	0	107	0	95	0	104	25	81
0	99	0	110	0	103	0	104	24	78	0	110	0	97	0	109
0	91	0	109	19	85	0	114	0	99	0	91	0	90	0	114
0	87	0	94	0	92	37	62	0	98	0	108	0	111	0	80
55	47	44	52	49	42	1	82	34	71	0	103	29	68	9	86
63	50	61	54	52	46	0	88	34	64	0	106	30	65	4	81
53	36	41	59	51	49	0	100	33	67	0	107	40	62	7	78
0	109	0	102	0	99	26	71	0	116	0	100	0	104	0	92
0	96	0	87	0	76	0	120	26	67	0	99	0	79	0	104
0	116	0	118	0	101	0	101	21	78	0	103	0	101	0	87
0	96	0	104	0	130	0	100	0	91	0	119	25	78	0	117
0	107	0	97	0	105	0	126	27	72	0	86	0	123	0	89
0	103	0	98	20	83	0	115	0	75	0	110	0	104	0	105
0	87	0	110	34	78	0	98	38	65	0	89	0	100	0	101
0	91	0	103	0	124	0	107	0	78	0	94	28	74	0	97
0	99	0	99	0	97	58	53	0	108	0	106	15	93	0	114
0	119	0	98	0	102	48	60	0	88	0	99	25	85	0	103
0	107	0	104	0	111	0	102	0	93	0	109	19	78	0	107
0	93	25	72	0	91	0	98	0	104	0	95	0	94	0	100
0	100	22	84	0	100	0	90	0	110	0	101	0	95	0	114
51	57	40	56	23	72	1	97	0	113	0	94	0	94	0	101
0	86	0	96	0	93	0	103	0	100	0	106	0	88	41	57
0	101	0	93	0	89	38	67	0	112	0	87	0	94	0	101
0	107	0	115	0	100	33	76	0	111	0	92	0	93	0	104
0	78	0	100	0	103	24	63	0	93	0	121	0	106	0	116
0	104	0	111	0	101	30	65	0	95	0	96	0	114	0	107
0	100	0	109	0	87	0	107	0	96	46	45	0	130	0	108
0	95	0	80	27	71	0	104	0	80	0	109	0	89	0	123
0	94	0	92	0	103	0	100	0	94	0	101	16	80	0	104
0	96	0	105	0	94	0	110	0	93	33	59	0	92	0	95
0	105	0	89	0	108	0	99	0	109	41	54	0	96	0	73
0	105	0	112	0	99	0	108	0	107	36	49	0	115	0	94
0	96	0	86	0	106	47	45	0	87	0	110	2	86	0	94
51	45	0	83	0	107	0	99	0	95	0	113	0	99	0	103
41	42	0	101	0	102	0	128	0	85	0	109	0	118	0	102
38	58	0	83	0	115	0	107	0	111	0	109	0	110	0	86
0	97	0	99	0	90	25	79	0	110	0	99	0	111	0	91
0	94	0	102	28	82	0	103	29	63	0	90	0	94	0	102
0	99	0	93	31	59	0	110	38	48	0	88	0	89	0	90
0	101	0	106	0	107	0	89	0	97	0	105	0	93	40	53
0	89	0	113	17	71	0	81	0	114	0	98	0	101	0	99
0	92	0	92	0	125	31	79	0	102	0	89	0	114	0	112
0	91	0	100	0	97	0	88	0	100	53	61	0	118	0	90
0	90	0	101	0	123	0	111	0	105	0	90	39	69	0	88
0	92	0	92	0	108	16	74	0	97	0	96	0	96	0	97
0	82	0	86	0	77	19	84	0	94	0	90	0	95	0	97
0	95	0	111	0	114	0	78	0	101	0	113	12	64	0	117
0	97	0	117	0	94	0	102	0	103	0	101	25	71	0	107
0	117	0	90	0	112	55	47	0	119	55	40	15	98	50	55
0	93	0	85	0	98	61	61	0	101	46	39	12	82	47	68
0	92	0	94	0	107	68	50	0	99	50	44	15	92	46	84
58	71	0	93	0	89	0	110	0	101	0	103	0	105	0	126
54	55	0	103	0	110	0	113	0	98	0	101	0	106	0	74
0	94	0	115	0	89	25	78	0	115	0	97	0	95	0	103
0	103	0	105	0	92	0	107	0	88	0	100	0	106	24	66
0	86	0	114	0	90	0	100	0	93	46	54	0	92	0	103
0	105	28	64	0	101	1	98	0	108	0	91	0	96	0	116
0	84	0	101	25	89	0	90	0	99	0	90	0	86	0	104
