R4:alt	R4:ref	R5:alt	R5:ref	R6:alt	R6:ref	R7:alt	R7:ref	R1:alt	R1:ref	R2:alt	R2:ref	R3:alt	R3:ref	R8:alt	R8:ref
0	99	37	50	0	98	0	109	0	107	0	92	0	104	0	108
0	112	44	54	0	93	0	88	0	87	0	90	0	96	0	87
0	117	49	51	0	99	0	115	0	97	0	95	0	114	0	109
0	93	0	101	0	85	0	87	31	83	0	116	0	99	0	108
0	96	0	116	0	91	0	82	19	68	0	79	0	104	0	88
0	122	0	100	0	100	0	89	25	84	0	138	0	90	0	103
0	92	0	109	0	97	0	96	54	56	3	89	0	97	0	106
0	104	0	114	0	91	0	106	27	89	0	106	0	102	0	114
0	103	0	80	0	90	0	88	22	77	0	89	0	82	0	103
49	51	0	87	13	107	0	103	53	43	7	101	0	109	0	104
50	43	0	89	14	101	0	90	48	44	10	92	0	94	0	95
0	84	0	101	0	80	0	100	0	94	0	80	0	99	32	66
0	101	0	96	0	94	0	91	0	107	0	85	0	97	29	75
40	70	0	104	0	95	0	112	0	84	0	92	0	114	0	94
0	99	3	94	0	97	0	90	3	99	45	60	0	89	6	95
0	82	1	95	0	93	0	96	2	89	53	46	0	105	9	83
0	100	39	57	0	110	0	97	0	104	0	99	0	93	0	92
0	109	45	53	0	103	0	115	0	92	0	110	0	98	0	100
0	93	45	62	0	104	0	108	0	83	0	105	0	97	0	91
0	111	1	85	28	78	0	103	0	107	0	87	0	110	0	80
0	93	0	89	38	70	0	119	0	107	0	100	0	90	0	98
0	101	1	95	29	76	0	90	0	98	0	99	0	105	0	92
0	118	31	54	0	84	0	104	0	106	0	98	0	84	0	101
0	94	28	74	0	104	0	100	0	97	0	95	0	95	0	89
0	106	0	104	0	71	0	113	21	58	0	122	0	94	0	93
0	97	0	106	0	86	0	95	20	70	0	103	0	110	0	98
0	93	0	91	0	122	0	95	0	92	0	90	31	74	0	119
0	111	0	85	0	99	0	110	0	104	0	93	32	77	0	104
0	103	0	101	0	90	0	109	0	98	0	100	0	85	35	58
0	85	0	101	0	97	0	99	0	92	0	96	0	96	37	52
0	103	0	105	0	93	0	94	0	88	0	97	0	101	35	73
0	98	0	89	0	94	0	95	0	93	36	76	0	96	0	114
44	51	0	111	9	86	0	84	1	95	3	110	0	105	0	105
0	101	0	87	0	96	0	108	0	115	0	98	32	79	0	105
0	109	0	94	0	98	0	113	0	111	0	100	33	92	0	97
0	120	0	97	0	113	0	108	0	97	0	91	29	71	0	105
0	114	0	90	0	100	0	102	0	106	0	103	19	79	0	117
0	103	0	88	0	103	0	93	37	39	4	104	0	118	0	96
0	122	0	94	0	94	0	106	50	64	1	87	0	113	0	83
0	116	0	120	0	111	19	82	0	117	0	101	0	89	1	107
0	105	39	72	0	106	0	84	0	92	0	109	0	108	0	91
0	103	0	95	0	94	0	111	0	93	0	105	52	49	0	95
0	79	41	51	0	92	0	94	0	115	0	91	0	89	0	99
0	82	0	104	0	102	0	95	43	49	0	100	0	102	0	102
0	90	0	96	0	100	0	109	39	57	0	87	0	77	0	86
0	87	0	94	0	99	0	96	0	113	28	79	0	90	0	95
0	111	0	88	0	89	0	110	0	95	21	75	0	95	0	109
0	106	0	93	0	97	0	100	0	92	28	67	0	115	0	91
20	87	0	107	0	97	0	100	0	92	0	76	0	97	0	104
33	56	0	101	1	93	0	94	0	93	0	120	0	103	0	102
0	100	47	63	0	102	0	137	0	104	0	83	0	125	0	102
0	106	57	49	0	106	0	101	0	110	0	101	0	94	0	80
0	115	49	58	0	96	0	100	0	104	0	107	0	107	0	111
0	93	0	99	0	106	0	97	0	100	0	103	0	106	36	53
0	100	0	106	0	86	0	105	0	95	0	88	32	98	0	99
56	55	45	52	52	60	0	79	42	43	12	89	41	58	35	66
60	60	52	50	48	53	0	107	41	49	5	93	62	72	43	62
0	75	0	108	0	109	0	105	0	102	0	104	40	71	0	97
0	97	0	94	0	101	0	97	0	109	35	70	0	83	0	85
0	106	40	57	0	92	0	112	0	106	0	96	0	102	0	97
0	100	45	55	0	105	0	97	0	88	0	97	0	123	0	87
0	104	40	73	0	111	0	122	0	105	0	106	0	121	0	109
0	112	1	112	0	97	0	107	0	111	53	57	0	114	15	92
0	90	0	115	0	107	0	89	0	105	0	97	0	108	26	76
0	100	0	102	0	106	25	72	0	82	0	103	0	109	0	93
0	96	0	90	0	88	38	68	0	101	0	89	0	95	0	103
0	100	0	105	0	87	32	73	0	85	0	99	0	97	0	99
0	94	0	104	0	103	20	69	0	87	0	88	0	83	0	106
58	67	0	108	1	109	0	80	2	94	0	101	0	83	0	114
44	55	0	92	2	124	0	98	2	116	0	100	0	89	0	89
38	61	0	113	0	97	0	89	0	105	0	88	0	99	0	91
29	71	0	98	0	102	0	92	0	94	0	94	0	93	0	80
29	65	0	92	0	103	0	92	0	90	0	90	0	102	0	83
0	91	0	91	0	102	0	96	0	95	0	105	24	73	0	108
0	100	0	104	0	93	0	111	0	78	0	97	0	128	27	77
0	106	17	97	0	121	0	102	0	88	0	98	0	106	0	100
0	115	2	86	1	105	60	64	1	97	43	61	0	121	14	93
0	93	0	110	0	82	0	97	56	53	1	82	0	113	0	96
0	102	0	91	0	110	0	94	43	57	2	97	0	93	0	103
0	119	0	88	0	106	23	82	0	108	0	103	0	118	1	96
0	109	0	99	0	100	22	82	0	108	0	106	0	84	0	107
0	95	0	107	0	100	0	107	0	99	0	116	0	114	36	78
0	88	0	102	0	98	38	76	0	97	0	102	0	98	0	97
0	94	0	101	0	97	0	95	0	90	0	107	40	49	0	119
0	103	0	96	0	87	0	117	0	103	0	110	57	55	0	88
0	112	0	99	25	69	0	108	0	90	0	96	0	112	0	106
0	104	0	119	0	98	0	105	0	110	0	107	26	88	0	118
0	95	0	92	0	98	0	98	0	105	0	112	26	79	0	88
0	97	0	104	0	105	0	96	0	92	37	74	0	103	0	102
0	97	0	93	0	112	0	102	0	94	28	80	0	109	0	104
0	101	2	99	32	58	0	103	0	104	0	108	55	51	32	64
0	101	0	101	0	111	38	57	0	94	0	92	0	103	0	103
0	89	0	108	0	108	0	106	0	90	0	101	60	38	0	105
0	81	11	78	0	95	0	104	0	95	0	109	0	81	0	102
0	96	1	108	31	73	0	75	0	113	0	110	0	117	0	110
0	99	1	96	23	72	0	94	0	76	0	82	0	96	0	118
0	114	0	105	0	106	0	116	0	102	0	102	0	109	40	62
0	108	0	96	0	93	0	111	0	86	43	62	0	89	0	95
0	93	0	87	0	92	0	104	0	86	41	49	0	100	0	98
0	99	0	95	0	103	0	104	0	108	33	76	0	96	0	93
0	106	0	97	0	108	0	96	0	76	0	89	34	65	0	108
0	94	0	93	1	102	0	105	0	104	0	106	62	46	0	96
43	65	0	99	0	119	0	98	0	103	0	104	0	112	0	100
0	106	0	97	0	117	0	96	25	63	0	97	0	97	0	105
0	107	0	100	0	101	0	105	18	79	0	104	0	114	0	110
0	104	0	83	0	117	0	105	0	94	18	81	0	120	0	105
0	95	0	109	0	112	0	116	35	63	0	106	0	86	0	101
0	100	0	113	0	102	0	110	39	60	0	96	0	78	0	108
0	104	0	86	0	112	0	103	40	55	0	100	0	94	0	109
0	114	0	95	0	97	0	107	0	101	0	121	0	106	36	58
49	57	0	99	0	116	0	103	0	95	0	87	0	95	0	108
41	58	0	92	0	87	0	101	0	97	0	104	0	109	0	103
0	95	3	102	3	100	0	101	0	115	0	87	43	56	0	104
0	95	0	85	0	121	0	96	0	106	0	112	26	59	0	116
0	108	0	111	0	90	0	114	0	97	0	113	28	84	0	97
0	103	46	50	0	103	0	105	0	101	0	127	0	91	0	109
0	95	0	94	0	85	0	108	0	85	37	77	0	82	0	90
0	107	0	90	0	94	0	105	0	99	42	52	0	81	0	96
0	105	3	111	24	49	0	94	0	105	0	100	0	105	44	64
0	93	0	97	0	94	0	94	0	129	21	92	0	99	0	98
0	97	0	101	0	105	0	95	0	88	24	77	0	101	0	112
0	109	0	90	0	94	22	75	0	93	0	95	0	108	0	114
0	85	0	109	0	101	0	99	0	87	0	110	20	89	0	108
0	112	0	95	0	108	0	91	0	109	45	62	0	108	0	73
0	116	0	111	0	89	0	107	0	106	43	60	0	89	0	90
0	112	0	96	0	113	28	81	0	99	0	84	0	102	2	101
0	91	34	65	0	89	0	103	0	95	0	113	0	104	0	89
25	85	0	91	0	99	0	113	0	104	0	100	0	98	0	104
0	115	0	114	0	108	34	72	0	85	0	113	0	102	0	98
