R4:alt	R4:ref	R5:alt	R5:ref	R6:alt	R6:ref	R7:alt	R7:ref	R1:alt	R1:ref	R2:alt	R2:ref	R3:alt	R3:ref	R8:alt	R8:ref
0	93	0	88	0	99	31	69	0	98	0	126	0	116	0	95
1	114	5	80	0	90	0	93	1	102	0	105	0	105	31	61
0	111	0	103	0	112	0	93	41	73	0	107	0	96	0	95
0	116	4	89	16	81	0	110	12	91	0	95	11	78	0	111
0	111	0	126	1	96	44	55	0	92	33	52	0	113	0	101
14	82	0	95	0	100	0	99	0	106	0	127	12	92	0	83
0	93	0	103	0	102	29	86	0	93	0	84	0	117	0	97
37	67	0	94	24	80	0	93	0	91	0	97	32	59	0	114
6	92	1	93	17	91	1	88	1	90	0	111	0	104	0	104
0	107	36	71	0	98	2	97	0	89	0	112	2	91	6	80
1	98	48	57	0	88	2	88	0	90	0	110	1	117	8	79
59	52	54	52	33	72	5	100	6	87	18	89	40	67	51	51
0	86	0	102	27	69	0	109	0	90	0	99	6	86	0	98
0	118	0	101	20	66	0	89	0	114	0	100	7	100	0	95
0	90	0	100	19	66	0	97	0	89	0	94	6	95	0	102
0	103	0	82	0	103	30	79	0	99	19	95	0	93	0	132
0	122	0	99	0	102	12	91	0	99	3	94	0	112	0	98
0	99	0	104	2	90	9	72	0	103	7	100	0	94	0	101
1	111	0	91	0	100	0	89	37	73	0	90	0	107	0	87
1	116	3	98	21	72	38	53	52	54	42	72	16	100	0	102
0	98	0	100	0	121	27	65	0	122	0	116	0	116	0	102
0	91	0	95	0	94	28	84	0	80	0	91	0	93	0	99
0	101	0	108	18	84	0	109	0	107	0	87	4	86	0	92
0	108	16	62	0	94	3	99	0	109	0	93	6	88	0	90
0	83	14	82	0	109	3	97	0	101	0	112	3	94	9	95
1	94	18	98	0	118	1	100	0	98	0	114	0	99	5	87
0	105	0	112	0	106	0	120	24	80	0	104	0	90	0	90
14	69	0	72	17	77	0	103	0	96	0	105	34	72	0	91
27	53	0	106	2	100	0	101	0	86	0	95	9	88	0	103
0	90	0	93	0	108	0	111	31	67	0	107	0	120	0	93
0	100	1	110	27	83	43	51	11	82	21	76	15	92	0	113
2	101	0	101	0	111	0	89	46	61	3	85	0	115	0	89
2	92	0	106	0	103	0	105	35	58	2	98	0	94	0	91
13	91	0	93	16	97	0	111	0	107	0	113	25	78	0	88
