R4:alt	R4:ref	R5:alt	R5:ref	R6:alt	R6:ref	R7:alt	R7:ref	R1:alt	R1:ref	R2:alt	R2:ref	R3:alt	R3:ref	R8:alt	R8:ref
0	112	0	98	26	82	0	97	0	96	0	97	0	102	0	86
0	89	0	103	0	103	0	90	36	87	3	72	23	68	0	97
0	114	0	98	0	107	0	90	11	95	0	114	12	82	0	108
0	101	1	113	0	100	31	78	0	91	0	78	0	104	2	82
0	90	1	96	0	89	30	89	0	95	0	99	0	96	1	79
12	97	2	102	0	83	0	106	0	118	0	107	0	113	20	83
15	80	5	79	0	94	0	101	0	85	0	107	0	91	11	88
15	92	4	117	0	99	0	88	0	93	0	103	0	97	22	87
0	83	0	125	0	94	0	97	26	70	2	97	16	88	0	102
24	81	27	65	8	96	57	53	4	98	22	73	0	88	45	45
24	74	27	69	4	104	61	49	8	93	21	77	0	110	55	40
0	92	1	93	3	80	35	73	0	102	14	92	0	118	21	90
0	99	22	88	0	93	0	108	0	103	0	89	0	88	2	91
20	85	0	107	1	120	0	97	3	103	0	101	0	106	0	91
12	70	0	97	2	86	0	92	5	82	0	99	0	83	0	97
18	76	20	64	43	57	5	91	31	55	31	60	52	41	3	95
0	120	0	98	2	96	1	102	0	115	15	79	0	121	27	90
0	104	0	101	1	103	2	92	0	88	8	83	0	92	21	104
0	112	0	91	45	64	0	111	0	95	2	94	0	84	2	83
30	71	0	88	6	121	0	108	4	93	0	97	0	81	31	80
30	74	3	100	7	100	0	100	9	87	0	87	0	105	22	76
23	66	2	107	8	96	0	98	7	110	0	111	0	94	25	77
0	106	0	93	41	53	0	101	0	113	1	94	0	97	0	108
0	89	0	97	40	43	0	106	0	90	0	109	0	92	1	96
0	92	0	93	41	60	0	91	0	78	0	109	0	114	4	102
0	98	20	78	1	106	48	53	0	102	19	106	0	105	27	88
0	108	21	71	0	118	47	52	0	95	19	78	0	105	17	68
17	87	15	81	5	101	0	103	0	101	0	93	7	93	8	95
0	84	0	105	38	62	2	98	17	74	29	60	3	94	6	109
