R4:alt	R4:ref	R5:alt	R5:ref	R6:alt	R6:ref	R7:alt	R7:ref	R1:alt	R1:ref	R2:alt	R2:ref	R3:alt	R3:ref	R8:alt	R8:ref
0	95	14	85	17	91	0	102	0	102	0	95	0	100	0	104
4	104	0	110	0	100	2	95	0	98	49	52	27	68	14	89
4	102	0	106	0	94	4	101	0	104	46	45	11	84	8	96
0	108	24	77	28	82	0	124	0	119	0	102	0	112	0	89
0	87	19	101	19	74	0	101	0	81	0	95	0	86	0	86
0	98	6	89	5	102	9	104	0	98	0	104	0	109	0	122
0	95	5	93	3	88	12	83	0	104	0	99	0	112	1	111
0	88	23	63	35	71	0	90	0	92	0	92	0	99	0	115
0	97	0	100	0	98	3	87	0	85	33	81	2	82	0	90
1	112	0	117	0	114	0	90	0	97	1	95	22	52	4	104
49	48	0	116	0	100	30	70	14	96	57	53	37	47	52	57
0	90	0	112	0	120	26	77	0	93	0	94	0	115	5	103
3	97	0	90	0	95	1	103	1	93	53	51	5	80	2	90
0	100	0	101	0	99	1	86	0	99	0	103	23	79	6	91
1	121	0	92	0	100	2	111	0	87	0	112	26	75	7	98
0	100	9	79	19	89	0	103	0	91	0	93	0	106	0	103
8	87	49	40	47	45	13	78	49	55	0	89	0	96	3	95
22	63	0	111	0	98	0	102	3	84	0	117	8	95	0	111
32	81	0	95	0	94	0	95	6	82	0	91	7	82	0	109
0	116	0	96	0	94	16	88	0	94	0	100	0	88	11	96
38	67	0	110	0	75	0	107	9	90	5	94	32	70	10	86
44	53	0	96	0	104	1	103	3	98	4	107	28	55	8	94
42	63	0	100	0	101	1	100	9	84	1	95	36	65	11	78
0	111	12	80	22	66	0	97	0	90	0	98	0	95	0	96
3	120	0	86	0	94	0	89	0	106	31	63	6	76	0	91
3	98	0	104	0	110	2	90	0	94	33	57	8	78	0	108
21	80	0	103	0	96	0	98	0	99	0	115	0	117	0	96
24	70	0	101	0	98	0	110	0	104	0	95	0	92	0	106
14	68	0	114	0	92	0	91	0	90	0	108	0	103	0	99
5	91	15	66	15	79	9	84	40	59	0	101	0	88	0	95
8	89	19	79	17	94	11	93	46	51	0	109	0	82	0	100
9	109	18	87	14	78	8	97	36	60	0	107	0	102	0	92
0	92	10	97	7	90	6	95	5	102	0	90	0	98	0	117
9	96	9	80	0	98	3	98	23	64	0	90	0	88	0	100
4	98	8	102	0	95	2	116	35	76	0	91	0	91	0	103
1	96	0	93	0	98	1	98	0	109	25	54	1	88	0	113
1	86	0	104	0	116	1	102	0	89	27	62	6	100	0	76
1	104	0	124	0	91	3	87	0	100	33	78	3	100	0	105
