R4:alt	R4:ref	R5:alt	R5:ref	R6:alt	R6:ref	R7:alt	R7:ref	R1:alt	R1:ref	R2:alt	R2:ref	R3:alt	R3:ref	R8:alt	R8:ref
0	97	0	113	0	92	18	76	0	75	0	100	0	100	0	100
0	86	0	90	0	94	0	83	0	89	0	97	0	90	15	85
0	105	0	88	16	87	18	71	16	81	24	81	0	98	2	87
0	118	0	104	17	103	15	98	11	74	21	84	0	89	1	114
28	78	0	96	0	92	0	83	0	93	0	89	0	80	0	110
0	103	0	87	7	97	44	77	3	95	0	93	1	111	0	90
0	102	0	106	0	108	0	86	0	83	0	113	0	95	16	72
34	63	0	90	0	100	0	101	0	105	0	112	3	85	0	105
36	68	0	129	0	92	0	106	0	97	0	95	2	91	0	109
42	78	0	86	0	85	0	77	0	104	0	98	3	88	0	94
0	89	0	86	0	99	16	76	0	119	0	112	0	102	0	89
0	90	0	90	0	102	0	94	10	82	28	87	22	72	0	99
9	79	1	80	51	59	35	44	45	56	58	50	44	76	52	54
9	70	5	108	52	59	48	52	52	47	36	51	31	63	48	39
14	106	1	117	42	45	42	43	45	55	57	47	36	60	52	45
0	96	0	119	13	79	7	70	0	94	14	82	0	104	1	111
34	88	0	83	0	101	0	94	0	98	0	102	0	89	0	107
0	106	0	99	0	98	0	77	9	113	16	85	1	104	0	104
0	90	0	115	0	89	0	106	12	84	14	63	1	97	0	105
0	111	0	114	0	86	0	87	0	95	0	93	0	88	23	76
0	107	0	103	0	91	0	104	0	93	4	109	20	82	0	116
0	112	0	91	0	106	0	97	0	99	4	81	25	91	0	100
0	96	0	101	0	96	0	92	1	98	2	99	20	74	0	90
0	94	0	100	0	98	25	58	0	104	0	118	0	107	1	100
0	98	0	98	0	100	18	77	0	99	0	101	3	91	1	106
0	107	0	109	20	70	0	84	0	106	0	97	0	96	19	113
17	72	0	94	0	133	0	95	0	88	0	100	4	101	0	108
0	122	41	56	0	98	0	100	0	89	0	92	5	86	0	113
0	102	39	70	0	102	0	111	0	96	0	90	6	92	0	100
0	105	38	49	0	95	0	106	0	93	0	99	5	105	0	95
4	102	1	101	11	99	37	61	11	73	31	60	31	69	1	90
0	90	0	93	0	102	0	86	0	94	0	74	17	67	0	108
0	89	0	101	0	93	18	78	0	94	0	106	3	101	0	85
0	96	0	79	0	105	14	78	0	105	0	118	2	101	0	91
0	106	0	106	0	108	21	67	0	102	0	97	0	105	0	109
0	88	0	85	0	115	23	104	0	96	0	107	3	93	0	103
0	90	0	100	0	85	16	78	0	91	0	96	1	108	0	116
7	108	0	110	47	53	13	72	34	65	22	93	0	92	49	57
0	98	0	111	0	96	0	97	4	104	17	75	0	100	0	86
0	78	0	88	1	95	0	99	1	80	24	74	0	92	0	85
0	99	0	95	0	104	0	99	1	104	23	88	0	100	0	110
0	87	0	91	0	123	0	104	0	96	0	93	0	111	23	93
0	93	0	106	0	108	0	97	0	113	0	102	0	113	26	74
0	102	0	92	0	74	0	84	10	90	0	101	0	94	25	83
8	90	38	56	0	88	0	112	11	92	0	108	12	83	0	115
23	56	9	96	0	96	0	122	0	111	0	89	3	90	0	108
3	99	0	102	12	93	25	59	4	87	0	88	3	96	2	94
3	101	1	73	9	104	35	63	2	95	0	91	2	99	3	86
0	102	0	92	0	96	6	96	0	105	11	95	0	103	0	111
0	89	0	108	0	109	5	104	0	102	21	82	0	97	0	102
0	109	0	107	0	92	6	86	0	107	17	92	0	95	0	92
