R4:alt	R4:ref	R5:alt	R5:ref	R6:alt	R6:ref	R7:alt	R7:ref	R1:alt	R1:ref	R2:alt	R2:ref	R3:alt	R3:ref	R8:alt	R8:ref
0	99	0	95	1	93	0	103	0	100	32	97	0	88	0	101
0	109	0	109	5	114	0	89	0	114	14	80	0	100	0	97
0	105	0	83	0	105	0	107	0	106	38	66	0	91	0	95
0	114	0	99	1	84	0	99	0	115	21	74	0	97	0	106
0	95	20	61	0	98	0	99	0	93	0	110	0	81	0	100
0	104	29	70	0	105	0	111	0	106	0	100	0	89	0	99
0	102	32	56	0	105	0	95	0	89	0	100	0	94	0	99
2	97	0	96	1	96	14	91	15	85	26	71	0	90	0	101
11	86	6	95	0	97	0	93	14	93	0	99	31	73	0	97
0	99	0	98	9	79	3	99	2	100	11	104	0	104	0	89
0	109	0	107	10	79	4	119	5	81	17	78	0	90	0	101
0	99	0	62	13	97	2	97	1	88	10	102	0	98	0	113
14	78	0	74	0	106	0	94	11	109	0	82	20	76	0	98
16	83	0	104	0	88	0	96	8	85	0	96	32	83	0	110
15	90	0	97	0	78	0	82	9	84	0	92	23	80	0	100
0	109	1	94	2	91	30	58	0	96	0	114	0	100	0	104
0	110	6	82	2	104	41	73	0	99	0	95	0	109	0	90
0	108	0	101	0	94	24	83	0	91	0	94	0	99	0	108
20	102	0	100	0	114	0	100	12	84	16	96	2	98	0	116
0	94	0	90	0	79	0	76	20	73	0	91	0	94	0	112
0	104	0	91	0	99	2	84	22	77	2	113	0	114	0	109
0	112	0	102	0	101	0	103	20	84	0	105	0	95	0	108
33	60	39	52	24	92	28	68	27	76	14	85	32	73	39	45
0	89	35	61	0	93	0	112	0	115	0	95	0	94	3	101
13	94	0	118	0	102	0	104	3	90	0	109	11	94	0	108
20	73	0	101	24	83	1	82	2	86	0	98	10	86	0	91
0	99	0	96	0	93	0	81	0	74	17	86	0	93	0	114
0	96	0	80	0	94	0	87	0	99	16	97	0	107	0	98
0	111	46	64	0	82	0	102	0	98	0	108	0	107	0	88
2	118	0	91	15	82	10	90	21	74	33	56	0	83	0	93
0	96	1	96	0	101	19	68	0	103	0	105	0	101	0	100
0	116	3	94	0	108	32	77	0	94	0	101	0	111	0	86
0	98	0	114	0	80	21	79	0	84	0	88	0	101	0	99
15	102	52	65	1	119	34	55	20	76	14	84	5	105	5	83
1	90	0	93	2	87	0	102	0	115	0	91	0	105	21	88
4	111	0	80	0	89	0	107	0	108	0	106	0	115	23	63
8	92	0	104	0	106	0	116	7	81	0	85	4	92	0	103
15	76	0	92	0	94	0	81	9	81	0	112	3	87	0	98
16	78	0	96	0	121	0	94	16	69	0	106	2	99	0	107
18	86	6	78	18	96	0	92	10	78	0	96	33	75	39	69
0	98	0	91	0	100	0	104	0	102	22	82	0	77	0	118
0	87	0	89	0	100	0	103	0	127	28	86	0	113	0	114
0	91	0	90	0	119	0	113	0	90	22	63	0	111	0	101
0	118	0	111	0	103	0	107	0	99	18	71	0	112	0	83
0	100	1	91	0	80	16	67	0	88	0	123	0	112	0	90
