R4:alt	R4:ref	R5:alt	R5:ref	R6:alt	R6:ref	R7:alt	R7:ref	R1:alt	R1:ref	R2:alt	R2:ref	R3:alt	R3:ref	R8:alt	R8:ref
0	114	0	103	0	97	0	101	43	73	0	97	0	104	0	96
57	47	0	90	0	106	0	93	0	102	1	85	0	89	0	94
21	77	0	99	0	85	0	108	0	120	0	99	0	105	0	104
23	64	0	96	0	95	0	102	0	93	0	86	0	92	0	113
25	66	0	104	0	110	0	109	0	106	0	107	0	105	0	105
0	100	0	117	31	74	0	87	0	99	0	95	0	108	2	106
0	84	0	107	21	81	0	114	0	98	0	97	0	91	2	92
0	89	0	114	0	110	0	94	0	75	0	99	0	98	43	62
0	109	25	76	0	91	3	79	2	88	0	89	4	93	0	118
0	107	0	100	0	91	0	97	0	105	0	102	0	94	46	64
0	86	0	94	0	82	0	86	0	102	0	103	0	94	34	83
0	105	0	105	0	101	0	101	0	111	0	102	0	94	39	67
0	82	0	120	0	114	0	98	0	90	0	99	0	101	38	65
0	107	0	107	0	99	0	87	0	95	0	104	36	71	0	100
0	117	0	89	0	93	0	100	0	111	0	100	29	63	0	98
0	105	0	91	0	112	0	96	0	103	22	63	0	88	0	102
0	101	0	84	0	113	0	79	0	107	32	51	0	109	0	109
0	104	0	95	0	114	0	95	0	101	30	59	0	129	0	107
0	99	12	74	7	103	37	60	14	88	0	101	0	100	0	100
0	104	0	92	0	92	0	104	0	87	0	97	29	84	0	84
0	108	0	85	0	93	0	123	0	111	52	48	0	108	0	109
0	107	7	90	6	83	37	77	0	110	0	88	0	104	0	88
0	127	0	106	0	103	0	99	0	114	0	112	36	73	0	90
0	102	0	97	0	129	0	119	0	82	0	89	27	58	0	103
0	102	0	110	0	118	0	95	0	101	0	131	27	75	0	99
0	100	0	108	25	85	0	99	0	80	0	97	0	101	0	79
0	116	0	94	0	105	0	99	0	105	0	124	0	100	31	98
0	98	0	94	0	103	0	96	29	50	0	105	0	108	0	99
0	99	4	98	0	83	2	84	27	92	0	83	0	92	0	97
0	94	0	97	0	86	0	91	0	102	0	97	0	107	30	60
0	103	6	107	25	69	0	104	0	116	0	106	0	98	40	47
0	106	5	111	41	89	0	88	0	106	0	89	0	122	55	65
0	118	0	83	0	105	0	116	0	99	0	95	30	71	0	96
0	90	7	82	0	102	0	112	16	85	0	103	0	100	0	99
2	82	6	90	0	91	0	99	15	77	0	103	0	108	0	104
0	107	5	95	0	76	0	109	10	105	0	89	0	93	0	82
0	106	0	107	0	99	0	99	0	110	0	103	31	81	0	83
0	94	0	114	0	104	0	118	0	97	0	106	34	57	0	100
0	102	15	65	0	94	1	111	2	94	0	115	0	99	0	88
0	109	5	95	33	69	0	108	0	94	0	110	0	89	44	53
0	107	7	95	32	76	0	116	0	101	0	100	0	108	28	71
0	88	3	84	22	71	0	101	0	87	0	101	0	100	41	55
0	89	28	82	19	94	39	55	19	80	49	39	0	105	14	91
21	66	0	98	0	106	0	108	0	95	0	88	0	93	0	91
18	71	0	100	0	102	0	109	0	99	0	117	0	119	0	103
19	59	0	104	0	90	0	109	0	114	3	89	0	123	0	116
30	100	0	111	0	112	0	109	0	108	0	95	0	81	0	107
26	64	0	107	0	97	0	107	0	108	2	95	0	95	0	99
0	86	0	93	0	97	0	113	0	106	0	96	0	103	34	53
1	107	3	104	0	108	3	118	29	63	6	90	42	52	0	104
0	83	0	106	0	91	0	109	0	102	58	61	0	108	0	83
0	95	0	106	0	105	0	104	0	92	41	47	0	97	0	104
50	54	0	107	0	110	9	87	0	95	1	90	0	104	0	90
40	56	0	99	0	104	9	94	0	126	2	100	0	95	0	104
21	70	0	87	0	89	0	127	0	102	0	114	0	107	0	94
18	86	0	110	0	113	0	110	0	110	0	101	0	95	0	92
2	112	0	118	8	89	0	114	0	107	52	53	4	99	0	126
1	93	22	78	13	83	28	57	12	88	0	107	0	116	9	88
0	90	0	107	0	101	0	81	0	114	34	60	0	109	0	92
