R4:alt	R4:ref	R5:alt	R5:ref	R6:alt	R6:ref	R7:alt	R7:ref	R1:alt	R1:ref	R2:alt	R2:ref	R3:alt	R3:ref	R8:alt	R8:ref
6	91	0	87	0	114	0	90	3	89	13	95	3	85	0	86
0	97	0	111	0	81	0	90	0	91	19	69	0	95	0	108
0	105	0	102	0	105	0	96	30	68	0	109	0	107	0	88
0	84	13	86	2	99	1	114	2	94	2	107	21	64	1	87
0	105	10	96	1	100	1	76	3	97	2	97	16	91	0	85
0	87	36	63	1	92	5	97	0	96	0	89	6	101	42	76
0	93	29	67	2	90	6	97	0	100	0	94	2	84	22	66
0	115	0	85	0	96	0	116	0	114	16	86	0	108	0	100
0	114	0	111	0	103	0	99	0	119	26	76	0	72	0	85
0	100	25	76	0	101	0	118	0	116	0	108	0	99	0	103
0	93	30	70	0	109	0	110	0	106	0	96	0	94	0	91
0	107	31	72	0	85	0	89	0	94	0	98	0	112	0	78
0	85	0	87	15	87	29	86	0	100	2	92	1	120	6	101
0	123	0	125	0	105	0	96	29	74	0	86	0	91	0	95
0	81	0	100	0	100	0	104	23	63	0	105	0	116	0	98
0	101	0	112	0	87	0	93	33	65	0	101	0	102	0	100
0	103	0	92	0	129	0	97	37	59	0	97	0	78	0	98
0	85	0	96	0	103	0	114	28	71	0	107	0	110	0	101
0	94	58	61	12	94	49	63	11	87	1	91	21	82	48	65
9	91	2	102	1	107	0	97	0	97	11	93	0	101	0	122
20	56	0	110	2	94	0	100	0	116	0	110	0	104	0	90
19	77	0	113	1	94	0	91	0	128	0	98	0	107	0	96
0	95	0	90	0	102	0	100	0	95	30	80	0	92	0	109
0	109	2	78	0	91	0	98	25	58	0	122	11	77	0	109
0	103	0	92	0	97	0	76	0	81	0	90	5	90	16	65
0	90	37	63	0	107	12	86	0	111	0	100	0	87	14	87
0	98	40	66	0	79	2	100	0	91	0	106	0	92	9	100
0	94	0	84	7	75	0	93	0	97	21	59	0	97	0	86
43	56	2	90	5	96	0	92	9	85	18	81	0	105	0	111
12	90	2	100	2	87	0	108	0	98	8	95	0	109	0	85
0	91	4	98	34	53	9	79	40	72	26	74	26	88	10	107
2	78	4	98	35	55	7	76	36	70	25	75	36	78	9	84
3	106	3	66	42	53	4	84	36	61	30	81	35	62	13	84
0	88	30	69	0	95	3	104	0	113	0	84	0	117	0	109
0	84	33	70	0	112	2	86	0	86	0	93	0	79	1	105
29	75	0	98	0	93	0	86	0	109	0	83	0	100	0	116
0	93	55	41	1	95	8	100	6	101	1	108	14	92	39	62
0	104	0	90	0	101	0	104	0	100	16	81	0	97	0	100
0	94	0	120	4	89	0	88	0	96	28	70	0	96	0	103
0	104	0	99	9	99	0	97	0	103	29	75	0	98	0	90
0	107	0	102	0	96	0	104	20	68	0	110	0	90	0	96
0	105	0	97	9	84	24	71	2	86	2	97	1	116	4	89
0	103	0	116	5	105	30	71	11	87	1	96	1	126	9	107
0	100	0	118	0	94	23	79	0	107	2	110	0	108	0	86
0	90	0	114	0	97	40	69	0	102	3	95	0	83	0	104
0	98	37	82	0	107	0	111	0	109	0	88	0	95	0	91
0	96	26	65	0	87	0	104	0	94	0	95	0	85	0	85
0	87	1	102	11	100	7	89	31	67	26	81	35	62	0	95
0	93	0	107	0	104	0	104	19	88	0	103	0	98	0	96
0	82	0	112	29	67	1	107	7	100	0	89	1	97	10	84
