R4:alt	R4:ref	R5:alt	R5:ref	R6:alt	R6:ref	R7:alt	R7:ref	R1:alt	R1:ref	R2:alt	R2:ref	R3:alt	R3:ref	R8:alt	R8:ref
0	98	27	61	7	85	39	54	0	85	0	126	0	92	0	102
14	70	0	85	6	109	0	103	0	89	0	103	0	116	0	106
22	83	0	84	20	80	0	110	1	111	0	106	33	62	29	76
8	111	0	98	9	83	10	96	0	121	0	99	0	94	1	92
3	107	0	94	14	94	10	88	0	102	0	91	0	110	2	103
0	92	0	101	1	93	0	112	0	89	0	119	24	81	0	98
4	99	7	77	0	96	0	121	10	101	4	83	0	105	2	93
3	97	10	72	0	94	0	84	4	101	5	108	0	99	4	96
16	67	0	112	2	110	0	94	11	93	3	100	13	100	0	97
0	111	0	111	0	110	0	114	0	102	29	71	0	113	0	98
0	101	0	123	1	100	0	82	0	101	0	96	19	80	0	91
0	107	0	110	2	93	0	102	0	94	0	90	0	101	18	91
0	116	0	95	5	86	0	102	0	96	0	109	0	117	26	87
0	101	0	119	2	84	0	107	0	86	0	117	0	91	23	89
51	51	29	77	27	61	9	80	52	63	44	53	55	52	50	60
16	98	0	92	0	82	0	95	19	91	3	103	0	104	0	98
26	79	4	85	25	64	3	103	25	77	7	95	43	48	38	60
21	71	0	101	7	85	0	97	0	107	0	89	0	85	0	116
0	86	0	112	1	100	0	76	9	89	0	112	3	100	39	88
1	93	0	111	2	109	0	99	0	95	0	102	38	70	0	67
3	110	0	91	3	94	0	106	0	96	0	100	29	70	0	89
2	95	0	110	3	84	0	109	0	101	0	95	25	74	0	104
27	58	15	95	2	109	0	113	20	68	47	61	14	76	0	121
6	91	0	87	0	83	0	110	23	87	3	116	0	105	0	94
0	105	0	99	0	131	0	109	0	109	0	99	21	67	0	92
32	68	0	102	34	60	14	84	4	78	0	99	45	49	37	56
2	114	8	73	0	97	0	91	13	84	9	79	0	93	12	73
4	106	0	99	0	89	0	109	22	78	2	101	0	101	0	86
0	86	11	85	2	97	0	117	0	102	4	109	0	103	0	113
0	89	12	98	4	104	0	92	0	103	9	100	0	124	0	103
27	84	0	109	0	90	0	90	23	105	33	76	8	93	0	82
0	97	8	86	0	78	18	77	0	96	0	86	0	88	0	106
