R4:alt	R4:ref	R5:alt	R5:ref	R6:alt	R6:ref	R7:alt	R7:ref	R1:alt	R1:ref	R2:alt	R2:ref	R3:alt	R3:ref	R8:alt	R8:ref
0	107	7	96	8	97	0	102	0	93	38	69	15	100	0	99
47	50	2	117	19	95	0	88	0	104	1	96	0	115	44	63
52	53	1	88	16	84	1	88	0	100	0	86	0	94	43	55
0	106	20	85	0	108	0	101	8	92	0	94	1	97	15	105
2	110	18	78	0	99	0	107	4	91	0	121	1	98	12	80
0	104	5	88	0	97	0	92	33	58	0	85	2	100	0	116
0	123	5	96	0	101	0	101	35	72	1	102	3	105	0	115
0	84	0	98	0	94	0	102	0	93	36	69	2	105	0	100
0	104	8	86	4	99	0	111	0	98	0	90	5	105	0	87
0	112	6	87	6	105	0	100	0	94	0	87	7	78	0	95
0	105	10	88	4	90	0	88	0	84	0	94	7	73	0	116
43	54	14	82	21	80	7	89	1	116	41	44	10	99	33	59
25	65	0	97	0	89	2	97	0	95	0	110	0	99	0	104
38	70	0	101	4	72	7	80	0	89	0	87	0	115	26	85
22	63	0	99	7	84	1	88	0	104	0	89	0	110	15	77
25	66	0	99	7	99	3	89	0	108	0	101	0	99	20	78
36	75	0	113	2	89	3	76	0	74	0	105	0	104	14	79
0	99	5	92	0	104	0	97	26	80	1	108	4	104	0	115
5	99	36	65	28	84	38	41	55	54	11	98	38	48	25	82
32	64	0	101	2	108	2	92	0	98	0	105	0	101	6	98
18	75	0	86	0	82	0	101	0	98	0	111	0	98	0	110
0	80	0	108	12	100	34	68	0	108	0	77	0	107	0	103
0	96	13	76	26	72	28	65	5	93	4	94	36	61	6	97
0	90	9	71	25	83	47	63	12	95	5	95	43	86	3	91
0	109	0	95	0	112	1	105	14	92	0	97	35	61	0	114
0	86	0	89	0	84	3	119	10	92	0	101	33	79	0	104
19	84	3	88	0	93	0	110	0	88	0	98	0	93	18	81
14	83	1	88	0	113	0	95	0	110	0	97	0	97	21	78
1	74	15	77	0	114	0	85	47	52	1	79	3	101	9	92
1	92	13	69	0	107	0	111	36	70	1	86	3	92	8	97
5	85	21	76	0	98	0	110	36	68	1	83	3	96	11	113
3	82	5	81	0	97	4	91	2	86	15	83	0	98	0	89
17	74	0	109	0	96	0	98	0	111	0	109	0	93	0	92
20	69	0	99	0	109	0	85	0	93	0	87	0	75	0	103
9	86	0	99	0	112	0	86	0	104	0	95	0	94	15	87
18	85	0	81	0	97	0	102	0	80	0	98	0	99	21	83
45	55	10	93	29	74	3	113	0	97	35	65	11	86	27	58
25	67	0	101	0	91	0	105	0	80	0	105	0	104	0	112
0	98	10	86	9	69	1	104	0	113	10	100	0	101	2	86
0	109	10	99	0	99	0	90	25	74	3	90	0	88	0	103
0	103	5	111	0	96	0	105	36	76	0	90	0	111	0	104
0	103	5	95	0	89	0	111	34	79	0	103	0	95	0	116
0	93	0	110	0	103	0	92	6	89	0	99	15	78	0	96
0	113	0	107	0	115	0	104	6	98	0	82	19	74	0	105
0	84	1	85	12	101	29	50	9	88	0	111	39	64	3	97
