R4:alt	R4:ref	R5:alt	R5:ref	R6:alt	R6:ref	R7:alt	R7:ref	R1:alt	R1:ref	R2:alt	R2:ref	R3:alt	R3:ref	R8:alt	R8:ref
0	98	0	110	1	84	5	91	0	104	7	97	0	113	20	72
0	105	0	77	22	80	0	89	0	95	0	133	0	86	0	103
0	114	0	102	0	114	37	70	0	105	0	115	0	101	0	110
0	94	0	83	0	103	29	63	0	118	0	96	0	102	0	103
5	105	0	101	0	103	30	66	1	109	0	92	0	85	23	91
10	98	0	115	0	107	0	90	0	92	10	90	1	99	6	84
3	92	0	94	0	99	12	90	5	107	0	108	8	106	2	113
7	99	0	92	0	111	19	83	4	89	0	114	5	94	3	104
3	81	0	93	0	103	24	90	6	108	0	104	7	85	3	100
7	96	0	106	0	104	21	91	5	86	0	94	8	96	3	105
0	98	8	104	3	96	0	92	37	61	0	106	0	96	0	96
0	92	21	89	0	97	0	71	0	101	0	107	0	115	0	106
0	96	26	67	0	106	0	96	0	94	0	91	0	92	0	108
17	72	34	73	0	105	1	106	0	104	2	101	38	56	0	112
14	85	31	68	0	98	0	110	0	100	0	115	42	59	0	91
0	120	0	110	21	82	0	106	0	101	0	100	0	100	0	88
0	88	0	95	27	88	0	108	0	105	0	87	0	115	0	90
1	115	0	90	0	96	0	74	0	104	0	81	35	66	0	101
0	109	0	107	0	93	23	72	0	98	0	114	0	98	0	90
20	84	0	104	4	85	60	60	5	103	20	63	9	90	57	48
0	91	30	52	0	92	0	106	0	100	3	99	6	104	0	104
0	115	29	58	0	104	0	87	0	103	0	105	12	92	0	104
0	104	22	65	0	104	0	89	0	92	0	98	0	95	0	104
23	73	0	103	1	95	0	121	0	119	7	91	0	120	0	98
1	94	0	104	21	70	0	98	0	100	18	80	0	115	0	109
3	107	0	105	21	84	0	77	0	106	21	79	0	95	0	101
1	91	0	101	27	75	0	109	0	90	23	93	0	102	0	110
0	118	0	96	0	102	0	105	0	108	0	114	39	62	0	106
0	107	0	84	0	104	0	109	0	112	0	107	31	65	0	94
0	115	0	106	0	77	0	93	28	79	0	76	0	94	0	90
13	98	0	111	0	103	14	77	7	93	11	85	5	95	9	77
11	83	0	98	0	82	16	86	4	90	10	83	7	103	11	94
0	85	23	67	0	89	0	111	0	92	0	121	0	118	0	104
23	84	3	104	42	55	0	89	0	81	20	80	0	86	0	94
0	87	0	90	0	95	36	63	1	69	0	94	0	111	0	110
12	95	0	91	0	91	0	116	0	92	0	110	34	60	0	112
17	101	55	49	7	86	1	113	46	53	6	77	45	60	0	104
12	94	52	50	20	86	3	87	28	60	3	103	39	46	0	111
10	91	36	48	17	76	0	106	54	43	4	88	49	49	0	106
0	94	11	78	12	83	0	89	15	88	5	109	0	94	0	94
