R4:alt	R4:ref	R5:alt	R5:ref	R6:alt	R6:ref	R7:alt	R7:ref	R1:alt	R1:ref	R2:alt	R2:ref	R3:alt	R3:ref	R8:alt	R8:ref
0	101	0	94	21	86	30	62	0	93	0	100	4	102	0	95
0	95	8	91	0	104	0	92	8	93	1	96	8	81	0	91
0	99	0	80	6	99	0	96	0	81	20	78	0	107	0	89
0	106	0	91	8	97	0	102	0	92	14	87	0	95	0	99
0	92	0	104	0	96	0	102	20	79	0	98	0	82	0	102
0	109	0	103	0	97	0	118	30	72	0	103	2	93	0	111
6	97	3	85	1	105	2	102	4	95	20	63	19	101	1	95
0	112	0	95	0	101	0	109	0	114	6	88	0	119	23	96
0	106	0	88	0	101	0	107	0	86	3	92	0	101	22	80
0	98	0	103	0	104	0	104	0	99	2	105	0	88	16	85
0	102	0	102	0	97	0	96	0	90	3	78	0	92	17	71
2	79	14	83	0	113	21	100	0	116	0	107	0	91	0	93
0	105	0	101	12	90	0	93	0	103	0	112	8	99	0	99
17	80	0	98	0	83	0	101	0	109	0	97	0	93	0	88
25	70	0	102	0	95	0	101	0	103	0	115	0	104	0	96
26	71	0	86	0	98	0	100	0	85	0	110	0	101	0	115
2	95	24	76	4	94	0	100	6	94	0	81	0	115	5	108
0	91	19	78	0	81	0	101	4	92	0	112	0	97	6	96
0	100	0	103	20	82	15	83	0	91	0	109	6	85	0	90
0	92	0	104	24	78	19	91	0	107	0	97	2	94	0	112
2	107	0	93	10	81	0	94	0	77	20	76	0	90	43	58
3	101	0	101	1	115	0	106	0	113	12	96	13	77	1	85
0	105	0	99	0	93	0	114	28	77	0	121	1	98	0	116
0	106	22	77	0	103	0	105	1	95	0	105	0	106	6	98
0	85	0	104	0	111	0	114	1	114	0	99	16	90	0	101
0	110	13	98	12	74	34	73	6	103	1	89	7	82	2	104
3	89	1	93	38	74	2	112	37	48	59	46	60	50	39	62
13	89	1	97	25	64	0	100	43	67	40	53	36	48	36	63
0	98	0	113	0	111	0	93	24	83	0	88	0	95	0	102
0	91	0	103	0	94	0	88	24	63	0	93	1	108	0	104
11	79	5	90	21	72	1	103	3	103	25	79	43	45	2	96
0	97	26	72	0	95	0	131	2	89	0	92	0	114	7	99
2	90	0	95	14	70	0	114	29	70	26	66	0	97	35	73
4	76	38	53	1	92	18	67	3	104	0	97	0	96	8	91
6	101	45	72	1	98	20	92	0	105	0	123	0	108	8	109
4	90	27	59	1	95	18	83	4	98	0	118	0	101	5	108
1	101	0	99	5	111	0	111	0	97	16	76	0	100	0	103
0	113	0	79	9	89	0	89	0	93	9	90	0	87	0	104
0	83	0	125	8	81	0	116	0	113	0	94	13	88	0	106
0	78	0	106	18	84	0	107	0	99	0	98	13	91	0	99
36	60	6	89	0	111	0	94	0	113	0	90	0	93	6	102
46	53	3	104	0	107	0	100	0	101	0	94	0	115	10	85
22	68	0	86	0	95	0	88	0	115	0	91	0	99	0	86
