R4:alt	R4:ref	R5:alt	R5:ref	R6:alt	R6:ref	R7:alt	R7:ref	R1:alt	R1:ref	R2:alt	R2:ref	R3:alt	R3:ref	R8:alt	R8:ref
3	99	18	83	0	106	23	64	0	95	0	89	0	105	7	96
0	109	0	104	0	87	14	100	0	119	8	95	31	55	20	95
0	83	0	103	0	98	14	80	0	90	3	79	30	77	16	95
0	104	2	105	1	87	0	106	41	60	5	80	13	84	0	107
0	104	0	104	0	104	0	111	53	56	1	105	18	81	0	102
0	91	0	96	0	99	0	99	48	62	1	93	12	86	0	89
0	87	1	94	1	111	0	108	39	57	3	101	20	98	0	98
0	84	0	87	0	106	0	111	16	91	7	112	0	81	0	83
0	115	0	82	0	101	0	107	0	102	0	118	35	56	0	103
0	101	0	95	0	88	0	88	0	105	16	92	0	94	11	90
0	96	0	101	0	90	0	99	0	95	17	91	0	115	7	87
7	92	0	102	0	102	0	94	0	104	35	63	0	107	25	82
2	85	0	105	0	102	0	101	0	102	34	64	0	116	24	79
0	104	0	94	0	90	0	95	0	101	36	74	0	96	18	81
0	115	0	89	20	94	0	102	0	100	9	90	0	104	0	103
0	95	0	90	14	83	0	104	0	106	8	92	0	94	0	106
0	95	0	113	13	70	0	101	0	114	9	95	0	101	0	105
0	76	20	58	0	98	0	106	0	102	0	101	0	93	0	90
0	87	29	85	0	106	0	80	0	102	0	89	0	100	0	109
0	95	27	74	0	95	0	100	0	105	0	90	0	109	0	103
0	95	30	68	0	107	0	94	0	115	0	102	0	104	0	116
0	92	0	81	0	125	0	91	0	105	2	80	38	62	8	86
2	96	1	97	0	110	20	62	0	128	0	115	0	110	11	88
4	91	3	78	2	103	4	88	58	45	51	57	13	86	27	77
10	72	0	109	21	80	0	98	0	129	8	95	0	82	0	93
16	85	0	91	23	85	0	103	0	89	4	100	0	124	0	108
19	68	2	109	1	96	1	108	0	110	0	94	0	80	0	104
49	45	46	50	56	37	44	62	0	90	10	89	35	60	22	72
0	86	0	89	0	98	0	93	0	93	6	85	28	61	2	98
0	115	0	92	0	89	0	92	0	95	2	111	49	63	0	103
0	101	0	105	0	90	0	88	0	113	6	99	29	56	0	98
0	114	22	75	0	100	0	102	0	82	0	77	0	115	0	102
0	115	0	96	20	85	0	102	0	88	5	97	0	99	0	108
5	82	8	80	0	132	49	52	0	107	7	103	31	68	25	73
0	114	8	94	0	86	15	86	0	114	0	113	0	98	0	101
0	107	8	103	0	106	7	94	0	112	0	95	0	111	0	93
5	81	30	66	0	96	0	87	0	96	0	98	0	111	0	84
0	95	3	101	17	76	0	107	0	109	0	106	0	95	0	91
0	97	3	87	23	64	0	97	0	101	0	129	0	100	0	89
0	113	2	107	26	80	0	101	0	106	0	96	0	104	0	98
45	65	37	64	40	50	0	85	0	120	5	89	0	109	0	96
0	73	0	91	0	108	0	98	0	97	4	105	34	76	0	92
9	98	0	111	0	93	4	102	0	87	39	66	0	110	17	80
3	98	0	104	0	108	6	93	0	114	37	74	0	87	22	75
0	105	0	102	1	105	0	89	19	86	2	109	0	98	0	88
0	102	0	97	0	93	0	96	20	73	0	102	0	104	0	94
0	98	0	95	0	95	0	108	0	111	11	85	0	89	10	95
0	81	0	82	0	88	0	93	0	109	19	93	0	100	11	91
0	96	30	83	0	107	0	94	0	106	0	85	0	101	0	107
0	90	28	78	0	108	0	82	0	99	0	108	0	106	0	96
0	98	0	106	0	104	0	93	0	108	0	87	37	81	0	111
0	103	0	96	22	88	0	98	0	88	3	88	0	98	0	109
0	103	0	108	19	76	0	95	0	110	8	87	0	88	0	105
0	108	25	69	0	83	0	102	0	102	0	90	0	111	0	107
0	98	33	88	0	99	0	86	0	84	0	97	0	100	0	100
36	68	33	68	28	60	0	89	0	98	0	89	0	117	0	97
