R4:alt	R4:ref	R5:alt	R5:ref	R6:alt	R6:ref	R7:alt	R7:ref	R1:alt	R1:ref	R2:alt	R2:ref	R3:alt	R3:ref	R8:alt	R8:ref
18	73	0	105	0	94	0	112	19	86	13	74	4	87	27	67
21	74	0	94	0	112	0	115	23	91	13	84	0	82	50	59
0	115	20	86	5	80	0	99	8	79	0	108	0	102	0	87
0	91	0	91	24	64	0	107	0	106	0	97	0	106	0	99
0	96	0	104	30	77	0	77	0	106	0	105	0	113	0	115
0	88	0	117	21	67	0	94	0	91	0	88	0	83	0	109
10	100	0	90	0	105	0	101	0	107	19	89	0	101	0	90
0	104	8	100	4	94	0	107	1	103	0	98	7	96	0	112
0	96	0	105	39	83	0	95	0	103	0	101	24	71	0	93
22	69	21	86	2	94	40	51	31	70	45	52	0	97	19	73
17	87	0	93	3	97	0	96	0	108	0	114	21	99	0	101
0	111	5	105	0	79	0	103	1	96	11	84	0	105	0	116
0	100	4	92	0	105	16	77	0	97	1	116	0	84	0	98
0	94	5	104	0	99	28	76	0	100	0	98	0	100	0	106
0	89	7	81	0	116	16	89	0	105	0	115	0	89	0	112
0	104	0	109	0	82	0	102	0	101	0	107	0	103	16	72
1	94	0	107	0	99	0	86	0	113	0	94	0	82	21	88
2	97	0	102	0	98	0	93	0	97	7	107	0	109	43	67
15	63	0	104	0	100	0	100	11	80	4	87	1	99	0	112
16	81	0	96	0	97	0	107	18	84	5	86	2	88	0	88
0	109	0	111	25	92	0	99	0	102	0	88	5	105	0	103
0	106	0	101	24	63	0	93	0	97	0	106	7	84	0	84
0	114	0	105	0	121	0	83	27	98	6	86	0	105	0	101
13	104	0	99	1	90	0	98	0	98	18	88	0	90	4	86
10	86	0	113	1	103	0	91	0	106	17	71	0	95	0	104
1	83	10	93	0	92	48	57	0	110	1	113	2	106	0	105
4	83	10	84	0	106	41	44	1	119	1	94	1	97	0	103
0	105	0	103	23	76	0	76	0	105	0	101	3	84	0	93
2	94	0	91	0	109	0	103	0	95	4	86	0	102	28	81
1	102	0	106	0	95	0	94	0	101	7	82	0	91	34	61
14	76	0	87	0	96	0	117	0	97	13	68	0	113	0	101
14	66	0	117	0	82	0	101	0	103	19	90	0	99	0	101
11	94	0	98	0	103	0	101	0	104	11	78	0	97	0	102
15	72	23	92	10	89	0	105	17	74	9	81	4	95	36	78
0	96	0	97	23	94	0	101	0	111	0	121	2	94	0	103
0	88	0	85	29	70	0	90	0	102	0	119	1	96	0	94
1	91	7	79	0	107	34	47	0	91	5	93	3	105	0	95
6	100	11	79	0	98	32	59	0	93	3	116	1	88	0	94
6	98	13	82	0	103	30	57	0	96	3	83	2	103	0	89
2	93	6	97	0	93	40	48	0	101	1	91	1	88	0	87
