R4:alt	R4:ref	R5:alt	R5:ref	R6:alt	R6:ref	R7:alt	R7:ref	R1:alt	R1:ref	R2:alt	R2:ref	R3:alt	R3:ref	R8:alt	R8:ref
0	105	0	110	13	80	5	88	0	99	0	103	0	93	2	96
0	99	0	116	12	60	5	93	0	114	0	86	0	109	3	92
34	79	27	77	0	105	0	107	26	86	15	87	10	79	0	92
24	76	16	81	0	103	0	99	26	92	18	93	10	69	0	105
15	77	28	81	0	109	0	110	18	78	15	88	6	104	0	132
24	88	15	77	0	94	0	105	21	69	13	88	5	98	0	102
0	98	0	95	31	68	48	48	0	96	0	99	35	75	23	85
3	90	0	93	0	109	0	94	4	120	11	87	0	101	0	104
23	78	1	97	0	106	0	102	0	114	1	99	1	103	0	121
59	59	41	53	6	81	4	104	54	58	40	72	7	95	26	80
50	44	53	50	7	92	2	106	41	51	30	64	8	96	24	90
0	127	22	77	0	107	0	99	4	87	0	92	0	97	4	80
0	119	0	87	6	97	5	98	0	106	0	91	0	104	4	92
0	93	0	98	0	131	21	78	0	105	0	124	0	98	0	81
0	122	0	98	0	93	0	103	0	105	0	113	24	79	0	102
28	79	25	86	0	89	0	95	27	73	20	119	0	101	0	110
17	84	23	70	0	94	0	126	29	87	13	90	0	91	0	118
0	104	0	78	5	105	1	104	0	107	0	95	0	70	10	78
0	95	1	100	1	95	1	99	0	102	0	109	0	96	13	87
0	95	0	93	9	104	1	83	0	100	0	93	0	84	17	82
1	92	0	102	0	100	0	109	6	91	17	82	0	87	0	97
6	89	17	74	0	89	0	84	1	86	11	97	0	91	0	89
8	97	15	77	0	106	0	97	4	126	11	92	0	100	0	109
4	95	23	73	0	100	0	101	2	100	15	101	0	91	0	106
6	103	14	84	0	101	0	105	0	105	18	108	0	97	0	94
5	98	0	86	5	84	0	91	3	106	1	86	17	80	0	109
1	90	0	102	2	103	0	94	6	97	2	107	24	79	0	117
25	74	22	70	3	99	0	104	23	69	10	94	4	94	1	82
31	76	22	76	7	95	0	93	26	73	15	92	6	96	1	93
26	89	29	72	6	99	0	99	25	90	19	88	6	87	2	102
0	101	0	79	11	84	27	72	0	98	0	86	0	100	4	89
0	107	0	107	22	100	25	67	0	92	0	106	0	105	5	95
3	92	0	90	0	83	0	122	12	113	18	78	0	104	0	115
6	88	0	102	0	104	0	97	5	104	14	83	0	104	0	101
