R4:alt	R4:ref	R5:alt	R5:ref	R6:alt	R6:ref	R7:alt	R7:ref	R1:alt	R1:ref	R2:alt	R2:ref	R3:alt	R3:ref	R8:alt	R8:ref
0	113	0	106	0	103	0	103	0	95	5	109	4	100	19	85
0	88	0	104	0	120	0	99	0	97	2	89	1	96	33	84
5	107	4	89	0	90	22	62	38	64	0	85	0	112	0	93
0	105	0	88	1	99	0	97	0	106	1	98	0	128	26	69
0	124	0	90	1	92	0	89	0	92	2	93	0	92	20	75
0	113	0	107	16	72	0	96	0	86	2	94	0	96	0	94
0	117	0	117	22	61	0	110	0	94	0	92	0	94	0	101
13	73	0	100	12	96	0	94	0	102	1	100	0	112	0	113
17	101	0	103	9	110	0	92	0	95	3	98	1	93	1	92
0	105	17	95	11	111	0	86	0	97	0	92	0	120	0	108
0	103	21	96	5	99	0	100	0	109	0	103	0	115	0	111
51	54	52	47	14	86	31	75	65	50	21	75	18	74	0	100
62	47	50	52	9	71	36	55	60	49	19	68	31	73	0	94
41	69	54	50	21	86	29	78	53	53	19	73	24	92	0	104
0	82	3	80	0	105	13	88	37	56	0	93	0	99	0	115
0	103	6	100	0	101	6	70	39	75	0	111	0	100	0	106
0	93	6	80	0	105	11	95	36	50	0	101	0	105	0	118
0	96	0	114	1	100	0	85	0	98	0	102	0	103	25	57
0	136	0	97	0	78	10	89	0	89	20	90	0	93	0	124
0	99	0	94	0	102	10	104	0	121	15	67	0	108	0	92
0	97	0	95	22	81	0	91	0	101	0	98	0	87	0	97
0	104	0	93	21	96	0	105	0	105	0	103	0	102	0	104
10	86	0	90	9	91	0	99	0	83	8	98	2	90	0	103
21	95	0	84	8	107	0	100	0	101	5	88	0	107	0	92
10	97	0	92	6	94	0	103	0	110	5	105	1	112	0	118
26	88	0	118	0	80	0	93	4	95	1	103	0	105	0	83
21	68	0	101	0	101	0	84	4	91	1	98	0	114	0	109
19	85	0	91	0	96	0	82	6	71	2	108	0	88	0	97
0	106	0	100	0	86	18	106	32	80	0	102	0	99	0	86
0	103	0	111	1	88	0	102	0	91	5	98	2	87	40	62
0	92	0	97	0	90	0	109	0	79	20	93	0	108	0	96
0	90	0	104	0	86	0	99	0	93	22	79	0	84	0	112
0	90	0	88	0	103	5	89	0	104	0	99	11	72	0	102
0	110	0	97	0	110	4	114	0	108	1	92	16	94	0	96
0	99	0	83	26	67	9	79	0	94	22	76	2	104	1	107
0	91	0	84	6	110	2	96	0	87	1	90	29	80	39	42
0	111	0	99	0	73	0	113	0	104	6	98	21	79	0	90
0	103	0	95	0	105	0	99	0	110	6	95	22	65	0	96
10	90	2	82	0	104	16	100	4	99	0	99	0	97	0	106
0	90	0	103	20	83	0	98	0	95	0	107	0	100	0	95
0	96	0	96	27	59	0	107	0	104	0	88	0	101	0	100
10	76	24	78	12	91	0	91	0	109	6	98	2	102	1	85
20	75	28	66	10	90	0	105	0	101	2	84	0	100	2	108
0	91	0	94	0	91	4	116	27	75	0	99	0	107	0	93
