R4:alt	R4:ref	R5:alt	R5:ref	R6:alt	R6:ref	R7:alt	R7:ref	R1:alt	R1:ref	R2:alt	R2:ref	R3:alt	R3:ref	R8:alt	R8:ref
0	97	14	85	0	85	0	116	0	99	7	109	3	106	0	100
0	107	9	82	0	85	0	105	0	94	1	93	0	88	21	84
0	100	0	96	7	94	0	100	3	101	13	89	25	70	0	91
0	102	0	99	9	72	0	109	4	85	18	83	19	76	0	105
0	95	0	90	0	103	0	93	0	70	8	87	19	77	0	110
0	103	0	106	10	84	19	75	37	66	2	84	0	94	20	69
0	99	0	98	1	79	14	97	40	93	0	103	0	92	26	72
46	55	0	106	29	76	10	75	1	95	0	112	0	116	0	95
40	52	0	84	26	63	10	80	2	93	0	82	0	84	0	99
0	96	0	89	0	100	0	103	0	98	20	72	8	91	0	103
0	113	0	108	0	93	0	91	0	118	20	83	8	108	0	94
0	95	21	87	0	98	0	102	0	83	13	85	0	101	0	103
0	111	0	107	0	88	0	100	2	99	9	80	16	79	0	103
0	86	0	98	0	86	0	91	2	94	10	80	20	72	0	99
0	86	11	84	0	110	0	110	0	130	0	110	0	96	0	102
0	81	22	92	0	111	0	109	0	103	0	93	0	108	0	86
0	101	14	89	0	96	0	107	0	107	0	99	0	110	0	107
0	87	0	103	0	87	0	89	0	87	0	97	16	68	2	110
0	85	0	102	0	95	0	104	0	82	0	91	14	97	5	85
0	103	0	104	0	99	0	108	0	87	0	109	20	92	3	95
29	70	0	103	1	99	0	92	0	114	0	96	0	110	0	90
47	70	0	94	1	106	0	117	0	96	0	93	0	112	0	101
34	60	0	99	23	73	0	96	0	98	0	97	0	95	0	104
48	45	15	73	42	58	42	45	51	55	6	95	20	72	42	56
0	89	0	99	3	100	1	83	0	91	0	92	0	112	18	83
0	85	0	102	5	99	0	122	22	82	0	106	0	73	0	97
0	106	0	121	5	97	0	86	17	82	0	100	0	97	0	111
0	91	0	95	7	89	0	120	12	88	0	95	0	98	0	83
0	104	0	88	0	87	10	105	12	82	0	101	0	99	1	88
40	48	0	93	40	62	56	51	50	46	2	103	0	96	34	70
0	91	0	97	0	99	12	93	0	90	0	95	0	94	6	86
39	79	0	96	1	100	0	94	0	99	0	91	0	120	0	92
0	102	0	80	0	98	0	111	1	108	10	88	31	59	0	101
11	104	27	89	0	91	0	92	0	82	6	107	22	73	6	97
5	85	27	77	2	101	0	104	3	89	5	92	17	91	6	91
0	105	20	74	0	102	0	95	0	95	14	78	0	93	0	105
0	113	18	78	0	96	0	105	0	106	14	80	0	93	0	96
0	93	0	78	5	85	0	85	28	80	0	97	0	104	0	99
0	104	0	80	0	120	0	110	2	91	10	75	18	74	0	102
35	72	0	107	0	96	0	116	0	99	0	90	0	107	0	95
43	52	0	95	4	115	0	102	0	94	0	118	0	101	0	81
3	86	0	85	18	99	0	125	0	104	0	113	0	113	0	107
