R4:alt	R4:ref	R5:alt	R5:ref	R6:alt	R6:ref	R7:alt	R7:ref	R1:alt	R1:ref	R2:alt	R2:ref	R3:alt	R3:ref	R8:alt	R8:ref
1	101	0	90	4	76	0	97	42	66	0	107	48	41	37	60
9	81	1	99	2	95	0	103	0	95	13	76	5	106	0	118
4	95	6	97	0	80	0	108	0	83	13	91	5	82	0	108
7	86	1	99	2	99	0	88	1	105	11	78	9	99	0	105
4	92	0	89	0	98	0	99	21	85	0	104	12	77	0	96
1	90	0	108	0	104	0	106	21	81	0	107	20	89	0	90
1	115	0	95	0	92	0	94	27	68	0	95	9	100	0	97
0	87	1	97	0	123	0	106	0	106	0	108	16	96	42	61
0	94	1	116	2	88	0	107	0	108	0	104	8	90	36	55
0	98	0	106	0	114	12	89	20	97	0	92	2	100	1	94
0	104	0	102	0	93	0	90	0	114	18	82	0	102	12	73
0	86	0	111	0	101	0	88	0	102	10	87	0	103	9	84
0	102	0	99	0	99	0	80	0	103	12	78	0	97	8	100
0	116	17	91	4	106	13	87	0	98	4	86	0	92	0	97
0	102	14	85	1	98	16	81	0	92	4	88	0	74	0	93
13	84	0	92	19	76	0	85	0	87	0	96	0	97	0	116
28	64	0	104	14	107	0	110	0	101	0	105	0	117	0	85
0	108	0	111	0	110	0	91	28	70	0	103	26	75	0	100
0	123	0	94	0	96	0	92	33	76	0	102	25	75	0	85
40	54	47	49	51	43	38	52	1	100	19	79	1	99	4	93
51	62	61	49	43	47	42	65	2	90	18	74	2	101	4	84
0	88	6	93	0	107	12	86	0	119	21	88	0	105	0	92
0	86	2	93	0	94	8	71	0	100	16	89	0	97	0	86
0	90	17	91	11	89	0	93	2	100	1	98	0	98	4	90
3	85	4	93	0	101	8	95	50	55	30	61	41	46	59	49
4	77	3	105	3	104	9	88	53	60	24	69	49	51	38	56
0	112	8	86	0	111	0	84	0	95	22	80	0	104	0	108
0	119	0	96	0	100	0	96	0	118	0	109	8	95	47	59
0	114	0	115	0	98	0	91	0	110	0	91	5	98	20	76
0	99	0	85	0	87	17	95	10	71	0	103	0	83	2	100
0	112	0	85	0	99	13	106	19	84	0	83	0	114	3	98
0	109	0	101	14	70	0	117	0	96	0	107	0	105	0	97
0	100	18	85	0	108	5	96	0	86	0	112	0	116	0	94
21	61	0	103	19	94	0	78	0	99	0	83	1	100	0	118
1	102	11	93	15	80	0	105	0	102	0	119	0	113	0	90
0	82	0	94	0	100	10	94	21	86	0	116	0	89	0	103
0	98	0	110	0	107	0	126	0	109	0	105	2	92	27	91
0	100	0	106	0	94	0	116	0	93	0	94	6	89	17	57
0	115	0	116	23	75	0	90	0	76	0	99	0	97	0	113
0	97	0	96	0	103	12	95	16	95	9	93	1	105	9	97
0	113	0	89	0	106	10	83	10	90	12	91	2	94	6	86
0	95	0	84	0	103	12	85	17	93	21	79	1	86	8	88
0	86	0	116	0	105	15	81	11	93	11	86	1	102	8	97
0	97	0	87	0	100	9	92	16	69	10	82	0	103	14	97
0	105	0	95	0	102	0	93	0	90	0	92	6	108	24	92
0	118	0	111	0	91	0	97	0	97	0	89	3	107	12	86
0	96	18	72	13	75	20	87	1	108	25	84	0	109	5	101
0	105	16	83	9	86	14	103	1	93	24	84	0	100	5	100
0	94	13	84	11	99	13	79	0	102	25	83	0	118	4	103
0	90	7	109	21	81	0	90	0	97	0	108	0	112	0	102
0	85	6	77	30	60	0	111	0	100	0	100	0	111	0	92
0	83	7	93	33	75	0	102	0	95	0	95	0	125	0	109
0	88	11	78	15	79	0	104	0	117	0	91	0	91	0	102
