R4:alt	R4:ref	R5:alt	R5:ref	R6:alt	R6:ref	R7:alt	R7:ref	R1:alt	R1:ref	R2:alt	R2:ref	R3:alt	R3:ref	R8:alt	R8:ref
19	61	0	108	0	108	0	116	0	101	0	106	0	89	0	92
0	110	23	69	6	84	0	85	0	97	0	97	0	116	0	90
0	109	0	101	0	93	0	90	29	72	10	100	1	92	14	97
28	71	0	108	0	94	0	100	0	104	0	98	0	112	0	98
25	68	0	98	0	84	0	92	0	103	0	92	0	85	0	117
22	63	0	92	0	90	0	94	0	86	0	96	0	104	0	81
0	105	0	103	22	79	0	109	0	98	0	107	0	86	1	79
0	96	0	104	4	102	0	81	0	96	0	98	0	94	22	87
0	111	0	83	27	79	0	100	0	107	0	101	3	108	28	71
0	101	0	101	0	106	2	88	0	104	0	116	29	68	0	103
0	102	1	86	0	105	31	88	0	99	0	107	0	107	0	104
0	113	34	73	62	54	0	120	38	57	22	81	8	95	46	44
21	77	0	108	0	93	8	102	1	109	0	82	13	105	0	108
6	97	0	96	0	100	8	84	3	96	0	112	11	102	0	94
42	56	10	77	0	98	0	113	0	74	7	80	0	90	0	110
29	57	4	86	0	97	0	95	0	84	11	88	0	92	0	95
39	67	9	96	0	86	0	114	0	96	5	98	0	111	0	112
0	98	0	105	0	89	0	116	23	77	0	106	0	114	4	106
52	48	21	68	0	112	53	47	5	89	34	81	44	74	0	96
25	79	0	107	0	99	0	100	0	106	0	104	0	98	0	99
28	82	11	87	0	98	34	72	4	106	32	69	22	87	0	102
41	53	13	93	0	101	38	56	0	106	31	60	27	87	0	86
0	98	0	92	0	93	29	64	0	103	0	118	0	107	0	121
17	77	0	108	0	111	9	77	0	89	0	89	0	108	0	113
12	76	11	84	0	98	22	101	11	85	0	96	18	96	0	94
0	111	0	105	0	96	0	90	15	81	0	93	0	105	0	110
0	95	0	123	0	112	0	96	40	65	0	96	0	106	14	75
0	112	0	124	0	106	0	105	34	64	0	100	2	93	13	87
0	98	0	95	0	104	0	92	37	65	0	98	1	95	12	96
0	95	0	98	0	112	0	112	50	57	0	104	1	99	12	70
0	102	0	114	0	104	0	105	31	74	11	79	3	84	18	64
32	64	0	107	0	108	0	92	0	90	0	99	0	97	0	96
26	74	0	116	0	100	0	111	0	121	0	91	0	93	0	92
31	91	0	99	0	93	0	113	0	106	0	97	0	96	0	106
28	62	8	68	0	126	0	78	0	107	26	65	0	115	0	125
