R4:alt	R4:ref	R5:alt	R5:ref	R6:alt	R6:ref	R7:alt	R7:ref	R1:alt	R1:ref	R2:alt	R2:ref	R3:alt	R3:ref	R8:alt	R8:ref
3	92	0	89	0	101	0	103	13	102	6	94	5	86	0	103
0	93	0	86	0	100	0	120	16	97	7	78	8	114	0	100
1	74	0	113	18	74	0	94	0	89	17	79	24	65	2	94
0	107	15	72	2	102	3	118	1	107	0	90	2	88	7	95
2	99	21	77	0	108	9	66	2	122	0	89	0	90	25	68
0	98	21	69	0	96	13	97	3	95	0	97	0	113	28	79
0	98	0	90	0	102	0	103	12	76	0	93	17	94	0	90
0	109	0	109	0	110	0	115	16	87	0	109	17	97	0	107
21	75	0	90	0	101	0	120	20	67	0	86	0	105	0	116
22	82	45	45	30	74	9	88	28	68	23	76	47	55	41	44
0	110	0	98	13	80	50	67	0	89	0	97	0	96	0	94
0	87	0	98	15	87	36	68	0	92	0	108	0	79	0	96
0	108	16	78	0	102	1	99	1	115	0	76	0	97	3	92
0	102	0	107	2	110	0	89	0	125	12	112	13	76	0	96
0	96	25	67	0	95	0	80	0	98	0	99	0	72	0	91
0	101	22	80	0	108	0	111	1	116	0	69	0	91	1	91
2	104	18	83	0	97	7	95	2	92	0	96	0	105	0	95
0	88	27	77	0	111	3	101	0	101	0	103	0	97	0	96
31	65	0	91	18	81	37	58	21	92	21	79	0	118	8	97
25	70	2	106	26	83	40	77	19	70	24	83	0	83	7	92
14	91	7	96	0	95	0	99	2	95	0	114	0	83	0	101
24	77	2	104	0	99	0	93	10	78	0	97	0	103	0	101
16	79	1	97	0	94	0	103	12	84	0	102	0	98	0	96
12	82	0	117	0	101	0	102	9	102	0	91	0	97	0	100
23	66	0	93	0	101	0	113	7	95	0	100	0	87	0	105
0	104	0	94	0	119	0	91	0	100	0	84	0	101	22	88
8	99	0	111	17	86	0	108	10	79	31	73	31	63	0	88
0	105	0	82	17	88	0	115	0	101	4	102	4	98	0	75
0	97	0	96	20	88	0	112	0	104	2	95	3	99	3	91
10	86	1	79	0	94	0	112	7	87	0	89	0	104	0	79
13	82	4	95	10	83	0	87	14	94	3	92	16	81	4	81
10	79	0	114	13	86	1	85	18	80	3	82	19	89	5	83
0	100	46	48	2	80	10	87	1	109	0	91	2	80	45	67
0	114	45	64	2	111	8	95	3	86	0	95	0	122	38	68
0	114	0	113	19	79	28	73	0	95	0	88	0	102	9	95
0	100	23	77	0	116	0	83	3	103	0	99	0	103	0	95
25	80	0	89	0	102	2	89	21	72	17	76	0	98	0	96
37	70	0	101	0	109	0	98	23	96	21	79	0	114	0	96
32	87	0	112	0	110	1	110	20	79	25	85	0	100	0	106
