R4:alt	R4:ref	R5:alt	R5:ref	R6:alt	R6:ref	R7:alt	R7:ref	R1:alt	R1:ref	R2:alt	R2:ref	R3:alt	R3:ref	R8:alt	R8:ref
23	90	13	86	10	78	6	90	0	99	15	87	0	98	0	101
0	120	0	106	0	101	0	99	0	103	0	99	0	104	30	68
29	69	0	93	10	76	5	110	0	98	23	99	0	90	0	87
28	75	0	119	5	111	7	93	0	87	23	98	0	76	0	118
14	73	0	123	7	82	7	99	0	76	9	62	0	104	0	82
14	85	0	108	7	76	11	96	0	95	16	73	0	103	0	97
16	88	0	105	9	80	8	88	0	108	15	86	0	100	0	116
37	79	7	106	38	60	4	83	25	75	23	58	29	84	44	41
28	73	2	110	52	70	5	91	27	89	38	55	33	72	40	52
30	75	4	79	40	58	6	80	20	89	44	72	28	76	46	66
0	110	0	94	0	96	0	110	18	79	0	97	0	91	40	66
15	89	0	94	13	97	0	118	0	102	15	62	0	95	0	103
17	100	0	113	0	95	0	93	0	98	20	82	0	97	0	93
20	98	0	108	0	105	0	95	0	102	16	97	0	88	0	105
7	70	0	86	0	92	0	109	0	89	10	81	0	104	0	110
17	84	0	114	0	103	0	87	0	95	7	89	0	100	0	94
16	107	0	82	0	97	0	104	0	102	22	94	0	89	0	82
14	100	0	109	0	108	0	92	0	80	12	97	0	90	0	93
18	68	50	48	18	74	46	67	18	59	20	71	14	76	3	90
19	93	53	50	8	88	36	56	28	80	18	86	36	64	6	93
0	109	0	109	0	101	0	96	26	93	0	106	0	104	25	54
0	94	0	115	0	105	0	99	11	83	0	95	0	105	29	46
0	105	0	100	6	100	0	96	0	115	16	87	0	109	0	108
0	85	0	112	13	91	0	114	0	120	5	96	0	100	0	96
0	104	0	93	8	77	0	80	0	98	18	95	0	98	0	124
7	80	2	105	11	100	1	112	7	94	20	78	27	77	17	77
0	111	0	113	0	103	9	100	29	79	0	103	0	92	0	102
0	91	0	103	0	120	31	77	2	90	0	81	2	125	0	106
26	75	2	99	25	65	5	106	17	77	20	81	0	98	26	69
26	72	0	109	35	68	6	89	19	86	21	94	0	90	39	61
2	91	0	115	14	84	10	83	0	91	1	85	0	100	0	93
0	110	0	106	0	106	0	92	0	96	0	100	0	102	26	68
0	102	0	91	0	96	0	110	0	118	0	120	0	113	33	61
20	81	10	77	9	84	6	80	3	101	21	83	0	99	5	104
12	88	0	95	0	108	0	92	0	91	8	96	0	102	0	109
0	104	0	111	0	100	8	99	23	83	0	94	0	89	0	104
0	82	0	99	0	85	4	99	20	71	0	108	0	113	0	107
