R4:alt	R4:ref	R5:alt	R5:ref	R6:alt	R6:ref	R7:alt	R7:ref	R1:alt	R1:ref	R2:alt	R2:ref	R3:alt	R3:ref	R8:alt	R8:ref
0	116	0	98	32	73	0	94	0	77	0	101	0	86	0	88
0	100	20	69	0	94	0	102	0	110	0	114	22	73	0	119
0	97	0	93	0	113	4	85	0	99	16	85	2	72	18	70
2	107	0	90	1	92	21	62	0	100	3	110	0	99	0	93
41	45	2	87	0	96	2	91	18	85	0	102	0	93	7	108
0	88	0	101	0	90	0	110	0	88	28	68	0	91	0	110
3	93	0	100	0	102	0	116	17	75	0	95	0	104	3	83
0	94	0	96	0	95	0	118	0	133	22	68	0	109	0	101
2	94	4	99	0	84	14	73	0	110	0	99	0	103	0	92
0	86	6	108	0	120	18	92	0	91	0	80	0	90	0	102
2	107	4	107	0	113	19	83	0	111	0	96	0	92	0	104
0	103	0	86	13	80	0	77	0	97	4	103	1	107	3	101
56	59	13	80	19	74	17	81	29	68	33	76	1	100	10	93
43	53	12	104	15	88	19	76	26	62	35	67	1	94	10	107
61	51	14	84	10	81	26	87	20	64	23	58	0	94	17	72
0	102	0	94	40	60	0	104	0	97	1	93	0	91	0	96
0	89	10	75	6	89	0	104	0	112	4	96	14	76	0	92
0	108	9	93	4	82	0	101	0	99	4	92	15	63	0	90
0	126	0	100	0	108	2	103	0	110	6	100	0	99	20	74
0	94	18	82	0	83	0	75	5	104	0	103	26	71	0	97
1	107	10	102	0	95	0	95	18	86	0	106	4	101	0	97
0	87	7	99	0	86	0	113	19	83	0	95	1	97	0	109
1	92	9	105	0	103	0	112	19	76	0	102	0	96	0	106
0	102	29	58	43	70	33	81	21	74	23	75	51	52	44	64
4	108	41	52	38	77	33	75	15	73	18	93	46	49	48	71
0	105	0	87	0	91	0	105	0	109	22	82	0	105	0	84
46	51	0	83	0	97	0	88	6	79	0	88	0	104	7	109
1	99	14	81	8	90	17	75	2	89	31	66	3	91	4	104
0	113	21	102	9	93	17	80	1	104	27	80	0	106	0	101
43	58	4	104	0	90	2	84	19	76	0	93	0	99	9	85
49	55	2	83	0	101	2	111	28	81	0	106	0	98	15	88
52	61	4	102	0	110	1	91	31	59	0	101	0	105	5	106
27	88	0	109	0	130	0	88	0	85	0	91	0	99	0	107
36	76	0	84	0	125	0	94	0	85	0	91	0	102	0	97
2	70	0	90	0	99	25	63	0	110	18	66	2	106	40	73
0	95	30	77	28	50	0	90	16	83	3	94	41	58	23	98
1	72	6	77	0	87	14	67	1	110	27	78	0	83	0	113
0	109	5	91	0	84	19	71	1	91	28	75	0	110	0	94
0	111	0	89	0	96	0	116	0	121	31	74	0	88	0	107
0	112	0	107	0	92	0	111	0	97	33	72	0	99	0	102
0	94	4	107	11	95	4	97	1	120	4	95	1	120	1	93
