R4:alt	R4:ref	R5:alt	R5:ref	R6:alt	R6:ref	R7:alt	R7:ref	R1:alt	R1:ref	R2:alt	R2:ref	R3:alt	R3:ref	R8:alt	R8:ref
0	96	14	90	45	52	0	90	0	96	0	84	11	99	17	95
0	97	6	84	50	72	0	109	0	85	0	103	12	75	10	77
0	89	0	111	0	102	11	102	0	104	15	94	0	105	0	97
0	99	0	100	0	117	31	65	5	78	9	82	0	109	0	96
0	89	0	98	0	95	31	59	4	84	8	76	0	88	0	110
0	106	0	92	0	78	26	80	2	89	12	90	0	116	0	92
0	103	0	99	0	102	22	69	1	92	0	97	0	99	0	92
0	99	0	96	14	80	0	99	0	87	0	108	0	109	11	92
0	110	7	92	9	89	0	108	0	85	0	102	0	101	0	108
0	95	5	76	11	84	0	84	0	108	0	83	0	103	0	109
0	94	5	73	16	74	0	105	0	108	0	100	0	99	0	94
0	111	28	76	0	92	3	104	0	99	23	73	0	100	0	90
0	92	29	73	0	102	1	94	0	98	16	70	0	107	0	96
0	102	20	60	0	107	0	100	0	105	27	77	0	114	0	99
0	95	36	83	0	84	1	115	0	80	21	71	0	94	0	96
0	90	0	94	0	103	0	100	32	71	0	100	0	109	0	96
0	109	0	87	0	109	0	111	28	73	0	101	0	108	0	87
0	86	0	104	2	95	0	105	0	79	0	95	12	85	8	80
6	88	6	76	0	90	40	66	50	61	20	71	2	88	0	92
0	92	0	100	0	106	29	78	2	86	0	95	0	93	0	95
0	90	4	95	44	51	0	95	0	86	0	109	1	91	8	97
0	101	12	108	38	59	0	101	0	81	0	108	0	110	16	82
0	85	0	109	0	98	0	98	36	50	0	110	0	88	0	96
0	111	0	92	0	93	15	69	0	121	0	83	0	126	0	97
0	101	0	95	0	109	0	93	18	85	0	101	0	76	0	99
23	87	28	70	0	89	2	87	0	100	20	48	9	75	11	78
0	103	21	78	0	107	2	107	0	110	1	103	0	97	0	99
0	87	17	81	0	101	0	97	0	110	0	92	0	105	0	85
0	94	30	64	0	89	1	97	0	91	0	121	0	87	0	114
0	106	14	97	0	121	0	92	0	92	17	82	0	103	0	95
0	89	10	89	0	92	0	103	0	91	24	97	0	117	0	97
17	92	0	85	0	98	0	94	1	83	0	87	8	92	0	105
17	84	0	90	0	101	0	101	0	118	0	97	5	88	0	115
16	87	0	96	0	101	0	88	1	103	0	99	4	102	0	97
0	96	4	103	0	97	8	105	1	105	10	76	1	117	0	95
0	99	5	90	0	100	17	90	0	102	9	102	1	100	0	97
0	123	0	96	0	96	22	68	3	91	0	102	0	97	0	97
0	93	0	92	0	87	17	89	1	101	18	78	0	98	0	107
0	102	0	102	0	112	10	90	3	75	13	88	0	68	0	117
3	103	32	66	0	98	2	98	0	97	25	79	0	94	0	109
0	114	20	84	0	100	0	120	0	104	0	104	0	85	0	89
