R4:alt	R4:ref	R5:alt	R5:ref	R6:alt	R6:ref	R7:alt	R7:ref	R1:alt	R1:ref	R2:alt	R2:ref	R3:alt	R3:ref	R8:alt	R8:ref
0	109	0	99	0	114	14	84	0	106	0	98	7	95	30	57
0	113	0	96	0	95	0	102	19	72	0	100	0	76	0	94
44	55	0	97	9	94	10	88	0	87	0	97	1	100	15	86
14	88	0	105	0	99	1	98	0	89	31	59	0	93	0	89
15	97	0	101	1	87	7	90	0	104	25	86	0	96	0	104
15	88	0	107	0	97	7	81	0	97	20	68	0	99	0	112
9	87	0	107	0	89	9	78	0	104	33	88	0	95	0	105
14	84	0	101	1	107	5	87	0	90	23	70	0	88	0	108
16	112	0	88	1	99	8	89	0	102	25	84	0	117	0	109
0	103	0	90	0	98	12	79	2	92	9	92	14	90	2	106
0	84	47	53	33	62	0	101	58	69	7	89	6	106	3	92
0	104	21	68	3	94	0	104	17	85	16	81	0	115	0	106
0	104	0	91	0	95	0	114	23	81	0	115	0	88	0	104
0	106	0	88	0	95	0	99	23	73	0	97	0	100	0	100
33	60	0	129	2	98	0	94	0	101	0	90	0	101	0	100
30	61	0	101	5	96	0	104	0	94	0	85	0	103	0	102
3	94	0	93	8	99	11	82	0	101	0	95	2	108	19	102
1	90	0	113	6	88	4	87	0	85	0	101	1	103	20	80
4	88	0	101	7	90	9	89	0	106	0	104	1	85	11	86
2	104	0	95	9	98	11	89	0	97	0	109	2	114	11	83
0	99	0	103	0	98	0	82	0	102	0	109	0	104	19	88
0	107	0	109	0	103	0	70	0	76	0	110	0	105	23	75
0	107	0	112	0	101	0	95	24	81	0	111	0	80	0	115
0	85	0	100	0	92	16	80	0	101	0	111	4	101	0	94
0	84	0	90	0	105	13	92	0	101	0	97	5	89	0	84
0	115	12	87	0	94	0	117	24	73	0	88	0	100	0	86
0	91	4	112	1	103	0	104	23	73	0	89	0	102	0	108
0	90	6	85	2	90	0	106	22	66	0	94	0	94	0	106
42	53	3	101	10	93	57	72	1	98	25	54	40	62	62	62
47	68	5	95	12	80	49	56	2	104	46	62	44	66	34	60
0	104	26	81	4	104	0	103	9	85	0	97	0	99	0	81
18	70	0	92	0	97	0	93	0	119	0	97	0	88	0	102
19	66	0	75	0	84	0	90	0	110	0	120	0	131	0	107
0	93	0	114	0	103	0	102	25	68	0	105	0	92	0	88
0	97	1	94	0	87	0	93	0	102	5	87	21	67	7	73
0	112	4	107	0	97	0	101	0	103	4	99	23	60	12	88
3	98	0	101	3	103	5	101	0	79	0	106	0	103	10	120
1	85	0	103	3	91	6	92	0	98	0	109	0	97	11	88
0	96	12	87	15	84	0	98	0	88	0	99	0	113	0	108
0	97	26	87	10	87	0	103	11	83	13	81	6	91	0	103
0	88	0	102	0	84	0	115	24	69	0	101	0	97	0	100
0	100	0	99	0	117	0	112	34	81	0	84	0	110	0	97
0	81	29	70	28	66	1	91	36	61	0	96	7	96	7	94
0	109	11	92	0	89	0	86	14	109	0	107	0	106	0	94
0	112	0	105	0	102	1	99	0	115	25	72	0	104	0	108
0	95	0	102	0	102	1	101	0	105	24	68	0	101	0	115
0	106	0	90	0	96	1	98	0	105	22	69	0	126	0	114
0	105	0	91	0	96	0	102	0	105	24	76	0	114	0	89
0	98	0	104	0	114	1	94	0	101	32	69	0	81	0	119
0	108	0	92	0	97	2	81	0	101	29	68	0	91	0	99
12	85	0	107	0	96	20	87	3	93	31	71	6	78	0	107
0	95	6	87	21	83	0	88	0	97	0	96	0	111	0	115
