R4:alt	R4:ref	R5:alt	R5:ref	R6:alt	R6:ref	R7:alt	R7:ref	R1:alt	R1:ref	R2:alt	R2:ref	R3:alt	R3:ref	R8:alt	R8:ref
0	114	2	105	0	101	3	79	0	104	4	95	17	79	12	83
0	106	3	93	0	105	7	85	0	83	0	98	11	71	17	107
0	96	0	84	0	97	40	65	0	104	0	107	0	99	0	86
0	116	0	96	0	103	22	91	0	104	0	108	0	80	0	102
0	92	0	85	0	87	27	68	0	109	0	95	0	106	0	86
0	93	2	108	0	104	0	95	29	70	0	124	0	84	0	75
0	119	3	101	0	100	0	96	5	93	27	60	8	86	0	105
0	86	5	121	0	97	0	105	8	99	34	55	6	81	0	102
0	107	2	106	0	108	0	78	7	110	27	72	6	77	0	108
6	104	6	119	0	93	0	92	27	71	0	91	0	109	4	99
0	86	0	98	29	76	0	104	8	105	0	94	21	91	0	81
0	92	0	96	0	107	0	107	2	94	33	62	6	78	0	106
0	111	24	71	0	96	0	83	5	108	0	96	0	102	0	108
0	102	0	103	0	85	34	77	0	105	0	107	0	103	0	128
0	100	0	106	0	90	44	58	0	89	0	98	0	93	0	89
0	88	0	94	0	107	34	73	0	110	0	104	0	101	0	89
0	99	0	112	0	90	40	50	0	98	5	88	10	92	0	99
0	99	0	102	0	104	44	61	0	93	16	76	11	84	0	115
0	93	0	90	0	105	0	91	0	80	31	80	0	102	0	94
0	101	0	112	0	88	0	107	0	117	21	82	0	100	0	96
0	107	1	113	0	95	0	92	23	82	0	99	0	120	0	91
30	78	6	91	0	103	48	49	35	72	20	99	20	77	23	70
0	102	4	79	0	116	0	98	5	92	25	72	0	124	0	98
22	75	0	94	57	45	0	93	12	66	0	98	24	79	14	93
15	64	0	101	53	41	0	115	16	89	1	118	26	85	8	100
0	96	20	65	0	101	0	87	0	90	0	111	0	100	0	93
0	96	0	108	0	114	28	69	0	80	2	90	0	90	0	107
23	85	1	132	0	97	0	90	0	94	0	89	0	96	0	101
21	57	4	102	0	99	0	94	0	111	0	111	0	102	0	92
0	106	46	60	0	105	2	83	4	90	43	70	7	101	7	81
0	88	36	54	0	101	4	113	8	98	30	77	8	95	6	97
0	130	0	103	0	118	30	60	0	85	0	88	0	108	0	108
0	113	0	102	0	92	0	101	29	81	0	106	0	101	0	96
0	99	2	105	0	91	0	96	0	113	32	75	0	97	0	112
0	87	2	92	0	112	0	94	0	99	34	87	0	96	0	92
8	95	0	92	33	67	0	95	10	92	0	110	24	73	8	71
11	97	0	105	32	79	0	100	7	68	0	77	16	78	16	91
13	104	0	103	37	78	0	108	6	88	0	97	19	75	15	90
16	78	0	77	0	102	0	94	0	106	0	103	0	100	0	99
18	96	0	101	0	92	0	88	0	100	0	100	0	114	0	110
16	74	0	110	0	117	0	109	0	104	0	86	0	116	0	95
0	106	0	88	0	116	46	66	0	112	0	93	0	129	0	115
0	102	0	106	0	95	34	65	0	124	0	101	0	111	0	100
