R4:alt	R4:ref	R5:alt	R5:ref	R6:alt	R6:ref	R7:alt	R7:ref	R1:alt	R1:ref	R2:alt	R2:ref	R3:alt	R3:ref	R8:alt	R8:ref
42	48	17	84	2	95	7	91	10	104	0	90	0	99	0	93
39	73	11	88	2	90	15	93	10	84	0	89	0	120	0	105
32	51	7	61	7	93	12	91	7	110	0	108	0	106	0	92
33	61	0	112	0	98	0	73	0	95	0	110	0	91	0	102
27	72	0	101	0	114	0	93	0	98	0	80	0	92	0	105
0	91	3	101	0	96	0	119	15	93	0	95	0	82	3	84
2	101	18	79	7	86	0	88	0	114	0	108	2	91	8	103
8	95	9	71	35	71	0	121	0	117	0	98	47	63	0	110
0	92	4	99	0	106	0	100	0	107	13	80	0	88	7	95
19	73	0	109	0	87	0	87	0	93	0	106	0	99	0	106
20	89	0	120	0	118	0	99	0	81	0	81	0	98	0	101
0	100	1	85	0	101	0	103	0	88	3	87	0	94	22	85
0	85	0	117	0	108	0	98	0	114	7	107	1	108	19	82
0	98	0	92	0	106	26	77	10	96	7	95	0	84	0	92
0	84	0	93	0	103	22	80	16	84	6	86	0	106	0	98
44	58	15	67	7	82	55	46	37	45	41	62	1	120	39	63
15	83	15	75	6	105	1	96	0	115	0	89	0	110	0	119
6	103	9	84	46	62	0	111	0	106	0	92	21	98	0	114
0	127	0	87	0	96	13	91	9	82	0	104	0	100	0	90
0	100	0	94	0	97	5	76	13	80	1	107	0	89	0	101
0	124	10	90	1	103	0	93	0	103	0	88	0	114	16	91
2	97	0	101	20	71	0	89	0	105	0	92	21	80	0	95
7	88	8	75	14	85	0	103	0	106	0	119	3	85	0	81
7	97	11	88	28	85	0	102	0	108	0	101	3	98	0	110
2	97	10	89	18	92	0	111	0	107	0	105	4	94	0	103
4	92	9	80	19	77	0	122	0	87	0	95	4	92	0	113
46	61	23	95	4	103	20	75	15	107	0	96	0	94	6	94
46	48	16	75	5	89	13	79	17	80	0	86	0	90	3	107
0	87	1	96	0	102	35	54	27	69	30	61	0	102	26	57
0	98	15	84	2	75	0	120	0	101	33	80	2	100	5	92
0	94	0	85	0	102	21	72	8	93	6	100	0	103	0	97
0	94	0	103	0	124	29	92	9	93	1	92	0	105	0	120
6	84	33	84	40	54	0	105	0	93	0	105	41	62	8	99
0	82	3	93	0	92	5	111	0	107	20	79	0	107	31	71
0	98	1	96	0	95	3	79	0	101	14	83	0	84	30	73
0	100	0	89	21	80	0	97	0	92	0	122	2	93	0	94
