R4:alt	R4:ref	R5:alt	R5:ref	R6:alt	R6:ref	R7:alt	R7:ref	R1:alt	R1:ref	R2:alt	R2:ref	R3:alt	R3:ref	R8:alt	R8:ref
0	109	28	56	13	87	0	106	6	91	5	91	9	87	0	103
2	96	1	95	13	93	0	109	8	88	0	104	32	70	0	92
0	104	0	97	0	103	0	105	0	101	26	73	0	87	0	108
2	106	3	102	11	96	0	102	13	86	0	93	35	74	2	100
3	86	2	102	7	95	0	102	7	77	0	96	34	64	2	93
2	106	0	95	0	104	6	96	0	106	0	90	0	118	16	75
29	66	2	78	0	99	19	90	0	98	0	89	3	86	28	89
38	60	6	86	0	112	11	91	0	95	0	96	7	104	28	75
0	98	0	107	0	107	0	101	0	103	20	85	0	91	0	104
0	96	0	82	11	100	0	87	16	76	3	101	0	91	0	105
0	88	0	97	0	111	0	103	1	86	0	114	19	87	1	97
0	113	0	89	1	103	0	86	3	91	0	107	25	70	3	111
18	78	39	44	49	50	35	56	42	39	53	50	49	72	25	78
0	90	0	97	0	109	21	79	0	91	0	90	0	113	3	96
0	98	0	86	0	99	17	86	0	91	0	87	0	104	2	104
4	88	48	54	30	74	0	102	5	93	3	104	40	54	3	101
16	97	3	97	21	71	40	65	34	55	37	47	0	106	17	80
0	102	0	108	0	90	0	81	0	89	22	82	0	103	9	94
0	110	0	107	0	99	6	110	13	91	1	104	0	83	0	111
0	113	0	105	0	97	5	89	15	64	2	114	0	103	0	97
24	55	4	77	0	90	0	97	0	86	0	101	7	86	8	96
0	113	0	92	1	104	0	108	0	102	0	107	19	76	1	96
0	92	0	103	0	109	0	93	0	90	0	104	15	82	0	90
0	91	20	74	0	99	0	97	0	100	0	85	0	94	0	74
0	97	26	68	0	92	0	108	0	101	0	111	0	103	0	109
0	98	17	75	0	97	0	128	0	107	0	100	0	105	0	114
0	90	23	66	0	109	0	107	0	106	0	108	0	100	0	101
3	82	0	96	0	107	14	100	0	101	0	110	0	93	16	83
