R4:alt	R4:ref	R5:alt	R5:ref	R6:alt	R6:ref	R7:alt	R7:ref	R1:alt	R1:ref	R2:alt	R2:ref	R3:alt	R3:ref
47	53	38	61	50	61	45	67	48	65	48	68	25	78
39	50	32	66	48	46	33	64	24	67	35	71	30	76
56	49	38	70	58	17	49	43	33	48	22	67	24	56
49	59	28	61	47	54	0	70	24	80	34	82	37	76
0	81	0	120	31	66	0	96	0	94	0	116	0	81
0	161	0	124	39	125	0	130	0	127	0	119	0	144
0	100	0	94	0	60	0	93	0	92	0	101	0	93
0	136	0	148	27	120	0	134	0	156	0	140	0	124
0	125	0	117	35	59	0	89	0	94	0	90	0	108
0	89	0	121	32	69	0	101	0	122	0	124	0	102
0	98	0	112	36	72	0	87	0	72	0	96	0	115
0	147	0	121	34	112	0	126	0	116	0	139	0	118
0	96	0	96	29	68	0	93	0	92	0	109	0	87
0	97	0	94	28	77	0	85	0	114	0	126	0	104
58	40	24	63	3	83	42	55	33	54	28	69	30	69
44	36	25	77	2	105	45	57	24	48	26	58	32	80
55	49	27	86	8	98	45	64	23	109	29	97	34	58
57	50	22	88	2	106	37	61	22	75	23	71	30	66
53	78	29	70	5	89	0	52	26	72	26	51	34	58
0	153	0	152	0	131	41	83	0	145	0	124	0	130
0	159	0	118	0	143	36	95	0	145	0	121	0	137
0	105	0	95	0	100	43	66	0	106	0	103	0	112
0	151	0	142	0	132	43	103	0	126	0	135	0	148
0	157	0	119	0	134	31	101	0	132	0	135	0	123
0	88	0	105	0	98	46	60	0	120	0	117	0	111
44	57	25	70	5	57	0	90	32	73	37	65	37	74
30	63	27	61	6	108	0	94	26	96	32	79	33	69
34	105	33	91	8	150	0	144	19	105	29	105	24	91
42	64	30	71	4	97	0	111	25	83	31	67	29	77
0	99	9	79	0	104	0	64	16	92	18	75	0	92
0	108	9	94	0	97	0	44	18	72	19	72	0	87
0	104	12	86	0	99	0	105	20	88	24	89	0	100
0	106	9	84	0	81	0	101	41	61	45	78	0	96
0	84	9	98	0	115	0	61	21	85	18	83	0	81
0	120	11	96	0	114	0	99	19	75	23	78	0	101
0	98	13	110	0	87	0	104	11	89	18	85	0	116
0	149	10	134	0	159	0	142	22	108	19	98	0	129
0	107	9	83	0	120	0	96	21	90	24	74	0	95
0	103	12	95	0	76	0	95	18	90	22	76	0	105
0	112	0	89	0	60	0	113	0	106	21	77	0	106
0	92	0	100	0	89	0	92	0	108	18	111	0	124
0	102	0	103	0	97	0	96	0	121	17	67	0	119
0	89	0	107	0	91	0	100	0	112	18	85	0	98
0	159	0	131	0	158	0	146	0	141	16	98	0	130
0	93	0	93	0	102	0	102	0	94	20	90	0	124
0	103	12	87	0	98	0	88	24	66	0	100	0	104
0	100	10	92	0	92	0	94	16	88	0	94	0	92
0	103	8	95	0	117	0	114	18	76	0	127	0	110
0	118	13	79	0	107	0	64	19	97	0	108	0	98
0	95	7	111	0	114	0	87	24	110	0	120	0	99
0	90	8	96	0	97	0	88	18	93	0	102	0	98
0	120	10	95	0	106	0	110	18	103	0	134	0	102
0	110	11	99	0	98	0	81	22	109	0	110	0	94
0	91	9	85	0	121	0	95	28	85	0	116	0	97
