R4:alt	R4:ref	R5:alt	R5:ref	R6:alt	R6:ref	R7:alt	R7:ref	R1:alt	R1:ref	R2:alt	R2:ref	R3:alt	R3:ref
50	55	38	86	55	49	34	63	8	79	15	74	22	88
37	60	23	74	50	47	39	52	24	64	29	60	30	69
49	38	27	63	50	50	45	46	28	75	31	77	19	67
38	48	23	76	41	52	38	51	11	53	10	61	35	71
53	46	31	74	38	44	32	57	39	74	30	71	30	75
0	100	0	86	31	63	0	97	0	71	0	74	0	109
0	103	0	111	29	63	0	97	0	113	0	95	0	109
0	117	0	104	29	73	0	94	0	92	0	102	0	107
0	138	0	125	27	64	0	130	0	127	0	143	0	132
0	112	0	86	27	75	0	97	0	78	0	116	0	81
0	147	0	110	34	64	0	142	0	118	0	132	0	129
0	112	0	86	36	66	0	106	0	70	0	100	0	86
0	106	0	79	22	80	0	113	0	81	0	84	0	85
0	102	0	94	24	76	0	95	0	105	0	92	0	122
0	94	0	100	31	86	0	103	0	79	0	94	0	113
45	52	37	54	3	87	26	70	29	50	26	61	24	63
52	44	25	77	6	89	40	68	33	73	36	68	29	71
65	102	28	99	9	86	44	116	23	101	38	101	14	102
63	53	29	74	5	113	37	57	37	65	35	72	41	66
50	37	38	72	6	86	41	57	38	73	24	62	16	71
48	44	38	58	5	89	45	76	31	68	27	76	24	53
55	56	35	57	8	107	30	64	25	65	33	82	32	66
0	100	0	82	0	104	30	64	0	86	0	85	0	96
0	162	0	136	0	128	49	106	0	138	0	129	0	123
0	100	0	109	0	103	43	46	0	107	0	119	0	97
0	80	0	97	0	94	59	55	0	98	0	104	0	132
0	83	0	93	0	101	37	64	0	95	0	100	0	112
0	167	0	119	0	110	43	88	0	130	0	140	0	135
0	121	0	109	0	109	41	92	0	118	0	134	0	145
44	55	21	62	4	87	0	89	30	39	27	52	31	59
43	52	15	63	5	115	0	73	8	76	24	69	27	63
26	55	25	60	7	86	0	104	25	74	24	66	34	62
0	105	15	85	0	91	0	98	22	72	19	81	0	102
0	122	13	89	0	103	0	82	12	93	23	77	0	101
0	78	0	86	0	97	0	98	0	88	0	92	0	115
0	108	9	94	0	87	0	93	23	85	15	94	0	88
0	96	0	92	0	112	0	96	0	64	0	85	0	94
0	149	9	111	0	124	0	134	20	94	19	98	0	126
0	91	12	85	0	101	0	106	35	58	18	70	0	116
0	119	11	100	0	118	0	105	20	83	15	80	0	116
0	104	0	92	0	104	0	94	0	82	34	69	0	115
0	94	8	82	0	104	0	96	31	66	17	95	0	95
0	102	0	92	0	92	0	102	0	107	19	81	0	100
0	94	0	96	0	113	0	99	0	97	22	85	0	104
0	90	0	112	0	108	0	102	0	86	22	76	0	114
0	95	0	93	0	112	0	116	0	78	22	81	0	116
0	116	16	99	0	97	0	101	20	78	0	105	0	111
0	99	9	71	0	102	0	99	22	52	0	100	0	102
0	100	19	90	0	87	0	95	19	73	0	112	0	93
0	138	6	130	0	102	0	146	17	110	0	122	0	131
0	100	11	84	0	89	0	104	20	48	0	86	0	107
0	113	10	88	0	90	0	101	26	82	0	85	0	111
0	98	13	95	0	99	0	108	16	86	0	81	0	102
