R4:alt	R4:ref	R5:alt	R5:ref	R6:alt	R6:ref	R7:alt	R7:ref	R1:alt	R1:ref	R2:alt	R2:ref	R3:alt	R3:ref
50	44	25	75	53	20	39	59	33	72	28	58	33	62
59	47	29	67	54	45	40	77	31	64	30	61	24	74
62	54	30	88	49	51	51	52	10	87	25	74	40	84
49	40	19	68	44	38	40	71	9	103	41	73	27	72
47	50	35	74	64	42	39	63	23	83	42	73	30	76
36	48	28	79	46	50	41	80	31	70	21	72	27	66
45	51	27	84	50	44	26	63	23	76	26	58	29	64
0	92	0	99	31	76	0	107	0	108	0	93	0	93
0	105	0	87	32	56	0	113	0	103	0	83	0	108
0	99	0	104	24	64	0	104	0	92	0	91	0	104
0	52	0	69	40	80	0	64	0	67	0	68	0	66
0	98	0	79	26	74	0	93	0	82	0	78	0	96
49	40	26	86	3	76	46	39	9	76	13	69	29	62
52	46	27	81	10	87	46	64	22	68	34	67	30	69
52	49	24	95	6	95	37	57	15	74	26	72	28	77
46	56	20	75	4	97	39	57	9	99	30	76	32	62
31	47	25	68	7	98	50	63	23	70	33	77	27	69
0	72	0	95	0	93	46	62	0	101	0	120	0	95
0	94	0	103	0	64	29	41	0	105	0	84	0	100
0	103	0	99	0	115	33	62	0	100	0	108	0	100
0	101	0	106	0	110	43	64	0	111	0	98	0	113
0	104	0	92	0	101	37	70	0	90	0	106	0	100
0	90	0	83	0	92	48	61	0	109	0	108	0	96
50	60	32	67	6	98	0	87	30	77	28	61	26	68
37	63	29	64	8	97	0	104	28	65	29	82	37	50
38	70	27	62	5	104	0	97	31	74	27	88	27	71
34	50	23	72	4	55	0	92	30	74	29	54	26	66
46	50	14	52	8	100	0	102	11	70	14	81	37	74
37	69	28	75	5	96	0	115	30	81	30	69	35	69
51	53	28	94	6	106	0	89	11	85	32	58	24	53
31	52	28	74	7	74	0	93	26	88	28	69	48	77
39	57	28	67	7	87	0	119	25	80	27	75	34	77
0	104	15	77	0	97	0	109	12	51	10	52	0	114
0	115	3	85	0	91	0	103	19	63	19	73	0	95
0	99	7	98	0	90	0	101	15	64	12	76	0	116
0	95	12	119	0	118	0	104	16	72	23	81	0	108
0	121	15	81	0	90	0	114	23	79	30	87	0	83
0	93	10	87	0	120	0	105	18	73	25	76	0	107
0	41	10	64	0	84	0	46	17	61	21	51	0	66
0	84	3	90	0	112	0	119	21	86	20	73	0	94
0	107	10	108	0	98	0	90	19	99	19	81	0	101
0	57	6	56	0	83	0	60	26	54	20	58	0	59
0	94	0	95	0	108	0	95	0	97	20	75	0	93
0	101	0	96	0	120	0	99	0	111	13	82	0	91
0	102	0	91	0	105	0	109	0	109	20	71	0	109
0	112	8	92	0	64	0	92	22	91	0	113	0	91
0	92	10	109	0	70	0	92	19	88	0	106	0	96
0	115	10	78	0	104	0	83	18	84	0	120	0	103
0	106	10	102	0	106	0	95	21	65	0	88	0	100
0	121	10	69	0	88	0	104	22	64	0	103	0	83
0	96	8	84	0	92	0	98	12	70	0	101	0	106
