R4:alt	R4:ref	R5:alt	R5:ref	R6:alt	R6:ref	R7:alt	R7:ref	R1:alt	R1:ref	R2:alt	R2:ref	R3:alt	R3:ref
48	66	32	52	56	64	27	55	38	46	27	73	31	74
44	65	23	69	46	51	38	56	23	84	24	77	25	85
44	47	39	72	66	55	34	62	40	98	29	64	36	89
53	54	35	78	60	49	49	68	22	67	40	55	22	71
52	58	15	60	53	52	26	57	11	60	38	78	32	71
59	43	34	95	51	46	43	63	31	71	72	67	29	60
44	55	23	57	42	38	44	62	14	78	32	76	34	64
47	47	37	66	41	57	42	64	27	63	47	61	30	61
51	43	29	55	47	48	43	59	34	78	33	82	41	75
35	44	33	60	40	56	39	69	21	52	25	74	33	80
0	110	0	97	26	73	0	98	0	84	0	87	0	97
0	107	0	97	33	75	0	142	0	105	0	117	0	93
0	102	0	126	34	79	0	113	0	129	0	89	0	102
58	41	31	80	3	107	39	63	29	84	34	70	30	70
55	46	46	75	3	94	39	62	17	63	25	53	34	75
49	42	50	72	4	115	37	47	51	87	25	63	32	78
61	49	27	57	3	73	39	68	27	60	35	64	33	67
54	45	39	63	2	83	42	58	49	78	36	72	26	77
54	49	26	78	3	103	39	67	30	75	38	65	39	77
55	51	39	58	3	99	34	60	35	66	24	71	26	74
39	55	38	64	6	117	34	56	24	66	56	70	24	79
53	50	24	79	7	88	31	61	28	77	22	80	23	65
56	56	23	72	5	86	56	61	43	69	30	67	25	70
0	113	0	93	0	98	39	68	0	89	0	96	0	107
0	106	0	102	0	83	44	59	0	90	0	107	0	110
0	109	0	111	0	110	46	55	0	85	0	97	0	98
0	99	0	97	0	79	38	37	0	120	0	104	0	114
0	101	0	119	0	106	47	58	0	114	0	87	0	116
0	104	0	107	0	105	45	57	0	94	0	95	0	95
0	104	0	109	0	112	41	69	0	87	0	103	0	86
49	69	30	78	6	87	0	100	47	74	38	73	21	71
37	67	26	65	2	88	0	83	26	45	33	91	26	74
38	44	32	79	5	93	0	95	31	85	24	65	36	80
0	102	10	88	0	97	0	135	16	82	16	94	0	102
0	102	10	98	0	91	0	115	30	70	21	88	0	98
0	104	9	81	0	110	0	100	19	84	22	83	0	95
0	107	8	86	0	101	0	88	15	61	18	81	0	105
0	97	18	92	0	91	0	128	19	94	27	87	0	87
0	109	0	105	0	94	0	147	0	104	15	75	0	93
0	124	0	123	0	88	0	102	0	112	23	71	0	96
0	92	0	100	0	102	0	98	0	105	30	95	0	117
0	95	0	103	0	98	0	166	0	113	22	84	0	98
0	97	0	108	0	111	0	112	0	110	15	78	0	86
0	97	9	85	0	107	0	103	17	86	0	123	0	101
0	109	14	94	0	91	0	109	31	110	0	87	0	100
0	118	7	80	0	104	0	121	18	86	0	113	0	108
0	107	9	95	0	90	0	99	26	92	0	102	0	77
0	114	9	71	0	97	0	161	27	69	0	114	0	108
0	101	9	86	0	96	0	101	16	93	0	134	0	98
0	112	8	81	0	86	0	94	20	71	0	85	0	98
0	108	13	82	0	92	0	94	23	82	0	91	0	101
