R4:alt	R4:ref	R5:alt	R5:ref	R6:alt	R6:ref	R7:alt	R7:ref	R1:alt	R1:ref	R2:alt	R2:ref	R3:alt	R3:ref
46	54	22	70	64	44	33	47	32	86	30	94	32	80
40	97	34	81	47	82	46	118	25	110	29	103	35	90
37	102	37	103	46	102	47	125	37	93	20	113	32	113
51	52	27	87	48	22	47	55	34	77	24	66	38	68
45	52	38	70	50	55	43	65	24	72	27	55	20	79
0	111	0	103	27	64	0	108	0	103	0	101	0	107
0	120	0	78	28	41	0	98	0	121	0	103	0	88
0	99	0	108	29	63	0	99	0	99	0	85	0	104
0	97	0	101	35	63	0	60	0	103	0	98	0	109
0	87	0	104	28	63	0	57	0	116	0	123	0	103
59	129	26	102	3	173	44	99	26	101	26	94	32	100
62	53	29	63	4	65	42	69	35	59	28	64	31	69
60	91	32	107	2	131	40	87	28	105	28	89	24	98
54	48	31	77	5	101	40	53	34	67	33	76	26	65
45	50	27	73	3	122	44	54	27	58	37	61	32	68
52	46	30	73	3	85	39	51	25	78	30	68	34	72
44	50	37	64	5	63	39	66	26	70	43	65	26	67
51	39	36	68	7	98	41	60	26	68	24	68	33	69
0	58	0	85	0	80	56	14	0	70	0	72	0	72
0	109	0	100	0	105	0	73	0	105	0	90	0	99
0	93	0	99	0	106	39	59	0	98	0	89	0	95
0	146	0	135	0	159	47	98	0	124	0	151	0	134
0	103	0	98	0	113	34	67	0	85	0	97	0	93
0	96	0	85	0	110	35	62	0	93	0	92	0	121
0	117	0	102	0	115	31	68	0	109	0	96	0	89
0	55	0	60	0	107	41	24	0	64	0	56	0	79
0	107	0	103	0	64	36	59	0	99	0	105	0	107
0	88	0	91	0	107	30	70	0	100	0	90	0	102
34	110	23	115	7	115	0	150	34	100	31	107	32	107
35	73	28	62	4	80	0	117	28	78	38	78	23	84
39	42	26	63	5	79	0	107	29	80	32	77	26	62
38	58	21	69	6	113	0	102	38	87	29	66	36	75
0	139	5	117	0	157	0	143	22	125	24	114	0	135
0	42	12	56	0	92	0	59	16	44	20	61	0	64
0	95	14	87	0	68	0	121	21	81	12	95	0	92
0	96	6	88	0	110	0	59	22	83	22	86	0	83
0	91	6	94	0	112	0	65	14	73	15	84	0	101
0	88	13	92	0	69	0	85	23	92	16	80	0	106
0	84	18	86	0	105	0	131	26	85	18	70	0	109
0	50	20	63	0	92	0	58	13	60	24	48	0	80
0	52	0	71	0	80	0	62	0	78	24	61	0	73
0	53	0	67	0	99	0	58	0	78	23	46	0	74
0	81	0	120	0	91	0	90	0	94	21	64	0	96
0	100	0	104	0	86	0	90	0	92	23	77	0	96
0	36	0	68	0	95	0	74	0	62	20	63	0	64
0	180	0	138	0	144	0	122	0	128	25	131	0	111
0	103	0	69	0	111	0	59	0	96	21	66	0	101
0	52	0	73	0	109	0	67	0	68	24	43	0	92
0	115	0	88	0	105	0	101	0	100	16	88	0	112
0	61	11	63	0	105	0	60	20	47	0	56	0	72
0	104	12	81	0	97	0	90	10	87	0	105	0	104
0	87	14	92	0	98	0	66	16	81	0	103	0	98
