R4:alt	R4:ref	R5:alt	R5:ref	R6:alt	R6:ref	R7:alt	R7:ref	R1:alt	R1:ref	R2:alt	R2:ref	R3:alt	R3:ref
54	46	31	70	48	55	40	56	29	75	47	62	24	86
51	58	20	72	50	68	41	55	12	84	35	71	28	65
48	44	37	59	52	56	0	103	31	81	43	74	24	78
49	54	31	75	35	41	38	64	24	62	29	75	22	70
49	37	35	71	45	56	42	56	30	63	19	104	33	75
0	92	0	100	31	59	0	105	0	100	0	94	0	88
0	101	0	95	31	66	0	96	0	112	0	113	0	81
0	82	0	107	29	75	0	100	0	92	0	106	0	108
51	44	35	78	6	89	83	17	26	60	29	69	26	78
51	46	34	71	7	83	40	61	29	60	29	76	33	52
54	39	27	73	5	114	35	47	28	68	38	68	36	61
50	51	32	80	5	77	43	54	28	66	29	72	32	70
37	51	46	58	5	102	37	49	53	43	30	77	21	69
46	49	25	69	7	92	38	49	33	73	6	77	25	71
0	92	0	99	0	100	39	59	0	97	0	61	0	90
0	92	0	95	0	100	33	54	0	85	0	101	0	99
0	81	0	88	0	95	49	69	0	98	0	120	0	123
0	87	0	91	0	100	35	62	0	89	0	95	0	109
0	83	0	101	0	109	40	62	0	95	0	91	0	78
0	119	0	94	0	98	33	60	0	93	0	86	0	95
0	89	0	114	0	97	34	56	0	98	0	117	0	92
0	85	0	98	0	100	48	62	0	105	0	90	0	94
50	50	25	77	3	101	0	104	31	72	49	72	26	71
40	59	29	66	1	105	0	115	29	78	32	94	31	69
46	63	28	76	7	100	0	109	28	52	30	70	32	72
40	59	20	64	6	95	0	104	26	71	30	75	29	65
40	55	27	60	6	102	0	97	24	78	33	63	23	88
36	60	31	78	4	101	0	84	28	68	29	79	40	63
39	57	25	76	9	107	0	83	32	76	30	70	30	60
40	57	37	66	4	109	0	112	31	63	26	72	35	75
49	62	30	72	6	97	0	105	25	74	28	77	24	71
0	113	13	81	0	100	0	108	24	65	21	85	0	109
0	84	3	85	0	126	0	88	17	95	0	91	0	95
0	116	14	93	0	114	0	109	21	74	26	83	0	88
0	101	7	88	0	93	0	100	22	79	0	77	0	127
0	100	0	93	0	79	0	119	0	94	12	87	0	119
0	104	0	92	0	87	0	101	0	95	20	93	0	74
0	107	0	109	0	96	0	84	0	106	16	94	0	97
0	110	0	105	0	106	0	88	0	93	19	86	0	98
0	101	0	92	0	115	0	104	0	94	20	73	0	86
0	99	0	105	0	87	0	119	0	116	23	62	0	102
0	98	0	83	0	86	0	100	0	95	15	88	0	83
0	93	0	103	0	108	0	96	0	102	16	108	0	94
0	97	0	96	0	103	0	108	0	106	24	92	0	110
0	95	0	112	0	93	0	85	0	85	18	87	0	88
0	130	0	87	0	87	0	127	0	96	33	85	0	100
0	112	13	82	0	100	0	104	22	79	0	96	0	104
0	100	9	91	0	98	0	119	21	86	0	102	0	90
0	119	7	91	0	112	0	104	22	81	0	122	0	103
0	100	13	93	0	97	0	88	28	70	0	93	0	103
0	102	15	97	0	103	0	103	13	85	0	114	0	72
0	114	15	89	0	87	0	107	21	87	0	100	0	100
