R4:alt	R4:ref	R5:alt	R5:ref	R6:alt	R6:ref	R7:alt	R7:ref	R1:alt	R1:ref	R2:alt	R2:ref	R3:alt	R3:ref
48	39	30	57	44	57	33	18	24	60	31	62	32	59
59	41	19	73	45	57	46	65	28	70	26	62	29	63
58	55	33	65	33	49	28	61	40	65	33	76	30	67
46	0	37	32	45	0	37	22	38	46	23	47	41	40
38	48	24	56	45	64	43	59	33	64	32	75	29	67
47	45	29	70	53	62	38	73	33	61	34	78	29	80
48	50	30	81	51	48	42	60	36	71	29	76	29	73
50	50	29	72	58	53	44	72	23	63	28	74	32	69
0	104	0	95	32	72	0	116	0	102	0	96	0	95
0	93	0	112	26	86	0	138	0	96	0	121	0	110
0	96	0	112	27	69	0	100	0	103	0	82	0	113
53	49	37	84	3	107	32	59	25	90	30	72	37	76
44	45	34	58	4	92	54	74	33	68	36	68	32	61
44	48	40	70	8	106	40	62	24	58	25	72	30	71
47	43	41	74	5	94	36	45	29	83	27	76	22	67
56	36	32	73	8	90	50	61	37	72	33	65	22	57
57	42	30	69	5	104	26	52	28	60	13	60	26	69
34	0	32	29	6	47	35	25	29	37	31	41	38	42
0	96	0	103	0	100	41	97	0	88	0	95	0	108
0	112	0	113	0	105	48	64	0	94	0	87	0	101
0	47	0	77	0	39	43	30	0	62	0	71	0	67
0	52	0	68	0	46	36	17	0	69	0	82	0	62
0	122	0	99	0	83	45	59	0	102	0	113	0	88
0	106	0	98	0	118	30	69	0	104	0	106	0	99
0	96	0	89	0	100	32	65	0	108	0	80	0	99
0	115	0	103	0	101	37	56	0	104	0	99	0	90
0	94	0	96	0	94	45	105	0	94	0	120	0	101
0	47	0	66	0	52	38	16	0	74	0	63	0	89
44	65	37	66	5	114	0	60	30	80	27	52	24	68
50	48	32	63	6	94	0	58	29	68	30	71	32	81
36	75	31	74	5	90	0	100	27	90	27	74	35	65
36	54	30	83	7	100	0	96	27	69	25	84	47	73
47	57	24	69	7	84	0	145	27	74	35	68	36	67
40	66	28	60	6	92	0	144	32	81	19	63	21	83
42	68	36	72	2	91	0	96	33	74	26	71	30	89
0	55	17	65	0	46	0	39	19	47	12	42	0	69
0	88	8	92	0	89	0	67	18	88	34	100	0	101
0	53	10	58	0	41	0	67	21	50	25	54	0	69
0	62	16	71	0	43	0	58	31	61	28	62	0	80
0	85	9	89	0	113	0	88	20	79	23	74	0	115
0	97	0	98	0	118	0	114	0	85	23	89	0	101
0	98	0	101	0	98	0	60	0	85	21	87	0	125
0	107	0	97	0	109	0	151	0	114	17	80	0	97
0	83	0	104	0	85	0	101	0	111	16	82	0	108
0	85	0	112	0	98	0	110	0	99	15	72	0	101
0	105	0	109	0	87	0	105	0	93	10	80	0	94
0	121	0	76	0	108	0	84	0	82	17	79	0	88
0	86	6	106	0	92	0	56	18	78	0	113	0	102
0	95	11	86	0	87	0	126	16	74	0	92	0	105
0	101	8	84	0	94	0	98	23	69	0	106	0	86
0	92	9	79	0	97	0	89	15	75	0	83	0	99
0	99	6	88	0	97	0	94	27	78	0	91	0	102
0	93	6	80	0	102	0	102	18	80	0	109	0	111
0	87	7	99	0	92	0	98	30	85	0	90	0	96
0	105	10	80	0	96	0	101	29	87	0	103	0	89
