R4:alt	R4:ref	R5:alt	R5:ref	R6:alt	R6:ref	R7:alt	R7:ref	R1:alt	R1:ref	R2:alt	R2:ref	R3:alt	R3:ref
43	63	27	59	53	28	37	60	26	74	23	67	32	73
57	56	24	61	29	49	39	47	24	64	38	63	30	56
44	54	26	81	54	57	38	64	37	65	28	65	24	75
60	41	30	56	53	59	31	63	36	85	32	75	32	57
56	49	31	79	66	52	32	65	29	70	30	71	36	68
53	44	48	58	38	42	41	60	64	52	48	51	27	47
54	42	29	83	52	15	45	50	21	69	31	70	26	69
59	58	28	69	24	59	36	44	38	80	34	74	36	77
0	92	0	113	0	76	0	96	0	114	0	123	0	94
0	103	0	100	34	71	0	94	0	103	0	119	0	97
0	109	0	111	29	88	0	101	0	104	0	85	0	115
54	45	31	85	10	72	37	61	35	67	27	77	32	64
47	42	26	71	4	125	36	52	28	71	32	61	38	57
54	51	31	70	7	90	51	55	31	74	30	72	23	62
54	45	26	84	3	73	42	56	23	66	32	65	36	67
64	60	26	86	6	98	33	67	27	73	34	73	34	67
71	49	23	74	7	103	36	68	32	81	34	67	32	66
46	51	34	71	3	80	47	63	36	62	33	67	37	70
0	106	0	93	0	68	42	68	0	107	0	99	0	88
0	91	0	104	0	98	48	61	0	101	0	94	0	111
0	83	0	107	0	87	29	42	0	103	0	94	0	92
0	93	0	85	0	103	46	65	0	97	0	81	0	101
0	80	0	101	0	115	37	48	0	109	0	108	0	113
0	111	0	104	0	99	28	69	0	125	0	102	0	84
0	103	0	94	0	73	40	64	0	97	0	109	0	104
40	68	30	77	6	69	0	95	27	78	22	66	31	69
41	65	32	60	5	63	0	106	43	66	29	50	24	68
33	59	30	61	0	110	0	105	27	78	36	71	36	72
31	65	38	69	5	92	0	101	21	78	27	72	40	60
38	62	27	66	4	109	0	115	31	69	23	53	23	80
51	57	30	56	2	107	0	114	48	46	48	51	27	68
40	61	27	68	5	81	0	84	26	77	27	65	29	66
47	61	34	82	2	110	0	93	24	60	29	56	28	71
0	99	11	87	0	84	0	91	26	83	16	83	0	112
0	91	11	93	0	98	0	88	20	74	21	79	0	99
0	95	12	93	0	97	0	108	28	77	20	78	0	91
0	101	7	91	0	90	0	100	21	79	19	88	0	95
0	109	7	106	0	97	0	104	25	98	13	92	0	100
0	97	9	94	0	66	0	85	21	88	16	76	0	111
0	114	14	72	0	110	0	89	26	76	13	79	0	102
0	106	15	81	0	113	0	124	25	70	21	65	0	80
0	89	10	78	0	107	0	88	17	66	27	86	0	118
0	102	7	82	0	118	0	95	19	79	22	68	0	102
0	99	0	94	0	81	0	104	0	101	18	80	0	93
0	90	0	99	0	67	0	97	0	116	20	88	0	113
0	103	0	91	0	71	0	87	0	111	27	70	0	89
0	126	5	82	0	109	0	95	24	75	0	105	0	89
0	118	12	93	0	122	0	98	15	87	0	87	0	81
0	111	6	93	0	72	0	115	21	90	0	109	0	86
0	95	12	97	0	98	0	108	22	93	0	101	0	104
0	100	5	88	0	98	0	108	18	73	0	88	0	109
0	96	7	101	0	111	0	88	25	77	0	100	0	97
