R4:alt	R4:ref	R5:alt	R5:ref	R6:alt	R6:ref	R7:alt	R7:ref	R1:alt	R1:ref	R2:alt	R2:ref	R3:alt	R3:ref
109	52	62	83	52	55	41	51	71	61	50	78	67	71
50	52	30	67	49	45	45	63	22	87	36	59	32	73
64	94	34	99	40	62	42	51	33	85	26	100	38	100
47	52	31	81	53	45	33	77	22	64	31	70	27	68
50	52	26	86	40	53	40	58	34	76	36	76	26	78
100	49	51	72	63	47	37	54	56	78	66	63	52	54
53	54	24	73	53	56	0	49	22	58	39	60	39	78
83	43	51	78	51	46	41	66	61	75	69	76	59	71
44	104	29	105	50	55	40	56	32	104	25	91	35	120
0	130	0	140	32	62	0	122	0	115	0	131	0	137
0	103	0	103	33	67	0	86	0	110	0	79	0	112
0	91	0	91	26	67	0	89	0	103	0	107	0	95
0	137	0	131	28	61	0	99	0	129	0	121	0	137
52	46	30	84	4	77	38	29	37	69	33	78	33	66
60	52	30	75	6	80	52	63	36	72	42	70	31	80
48	40	30	80	4	75	0	70	27	72	29	65	30	61
59	54	33	82	9	88	34	75	19	59	8	69	39	63
44	56	23	94	5	97	48	68	30	71	34	60	26	63
43	37	37	71	7	91	0	69	28	72	22	62	32	83
54	57	36	61	7	97	42	74	23	79	25	65	30	70
54	48	33	68	7	86	40	48	24	68	27	76	30	80
0	96	0	95	0	98	26	68	0	100	0	125	0	115
0	95	0	100	0	97	0	53	0	90	0	93	0	91
0	108	0	105	0	99	52	47	0	105	0	102	0	96
0	92	0	112	0	102	38	62	0	97	0	64	0	91
0	152	0	114	0	93	40	65	0	131	0	143	0	129
0	103	0	83	0	90	36	20	0	101	0	86	0	97
0	119	0	95	0	96	60	13	0	100	0	83	0	104
0	85	0	85	0	95	48	22	0	101	0	103	0	102
0	104	0	113	0	113	35	21	0	101	0	114	0	112
45	94	38	95	6	99	0	102	26	106	31	109	20	99
46	54	35	94	6	106	0	55	37	79	24	72	35	71
42	63	25	61	3	105	0	102	40	92	30	77	36	73
45	49	32	88	5	89	0	100	36	74	43	58	25	76
0	89	5	77	0	105	0	103	17	80	17	78	0	96
0	95	8	100	0	97	0	87	19	84	17	71	0	132
0	162	6	127	0	99	0	94	21	109	20	112	0	137
0	114	12	101	0	96	0	97	25	72	19	63	0	100
0	97	9	109	0	94	0	95	21	68	21	90	0	95
0	90	11	89	0	116	0	95	17	73	16	72	0	103
0	75	14	109	0	102	0	100	11	62	18	78	0	93
0	146	11	119	0	106	0	101	18	107	16	107	0	116
0	155	8	104	0	107	0	93	20	116	23	97	0	130
0	106	10	102	0	111	0	90	21	71	13	80	0	89
0	86	0	90	0	107	0	59	0	109	12	86	0	98
0	99	0	96	0	93	0	122	0	87	14	84	0	90
0	100	0	99	0	103	0	112	0	90	19	87	0	101
0	87	8	77	0	84	0	108	28	76	0	75	0	83
0	147	11	121	0	116	0	101	15	125	0	150	0	158
0	90	7	95	0	97	0	107	19	71	0	92	0	114
