R4:alt	R4:ref	R5:alt	R5:ref	R6:alt	R6:ref	R7:alt	R7:ref	R1:alt	R1:ref	R2:alt	R2:ref	R3:alt	R3:ref
0	108	0	93	52	43	0	101	0	105	0	91	0	95
35	55	30	72	54	55	39	56	39	106	23	71	33	77
49	45	25	84	55	61	39	54	20	66	32	69	33	57
0	101	0	121	30	72	0	101	0	117	0	98	0	94
0	92	0	97	36	58	0	102	0	100	0	104	0	95
0	52	0	69	34	58	0	115	0	82	0	71	0	64
58	13	30	41	3	78	41	57	20	36	34	56	24	41
39	49	20	67	8	87	44	63	33	66	30	64	31	59
41	45	23	75	6	93	50	56	27	62	31	60	27	57
53	5	36	36	2	107	35	71	35	34	41	37	20	45
9	56	0	65	0	96	41	63	0	77	0	67	0	73
66	62	32	75	6	87	42	56	30	72	33	86	32	71
44	51	32	58	3	94	43	61	27	63	24	71	29	63
0	88	0	112	0	118	39	58	0	111	0	109	0	101
0	104	0	94	0	121	43	67	0	105	0	114	0	125
0	105	0	91	0	99	42	62	0	121	0	87	0	88
0	104	0	93	0	108	45	68	0	107	0	103	0	107
0	114	0	86	0	90	38	52	0	92	0	101	0	96
0	100	0	104	0	99	29	53	0	110	0	90	0	90
39	55	27	66	6	88	0	110	24	66	31	63	32	73
39	74	35	74	7	85	0	116	35	66	38	63	29	69
42	52	35	79	5	100	0	106	27	81	28	52	38	80
50	68	40	70	6	81	0	98	31	69	30	85	23	79
34	56	32	86	6	94	0	96	34	87	35	75	28	71
44	62	34	54	6	96	0	97	35	66	33	58	41	68
39	69	40	66	1	89	0	108	24	61	23	73	32	75
0	92	12	97	0	97	0	110	13	89	22	70	0	97
0	97	13	80	0	106	0	97	22	81	18	96	0	95
0	99	11	87	0	88	0	115	23	79	21	80	0	113
0	60	13	58	0	112	0	103	15	46	16	55	0	58
0	114	5	105	0	105	0	92	18	83	15	89	0	105
0	104	10	101	0	91	0	110	20	76	22	94	0	110
0	102	7	91	0	98	0	83	23	84	19	70	0	95
0	111	10	80	0	100	0	103	25	88	17	71	0	83
0	98	14	94	0	96	0	97	24	83	22	77	0	107
0	94	0	101	0	115	0	78	0	81	16	81	0	93
0	103	0	109	0	88	0	92	0	100	21	83	0	102
0	87	0	93	0	109	0	109	0	104	11	75	0	101
0	99	0	107	0	106	0	90	0	117	12	98	0	122
0	97	0	103	0	104	0	97	0	79	18	65	0	114
0	99	9	90	0	103	0	102	15	62	0	110	0	95
0	108	15	125	0	105	0	93	15	78	0	80	0	93
0	102	9	90	0	89	0	102	23	94	0	119	0	81
0	105	12	100	0	101	0	108	13	62	0	106	0	113
