R4:alt	R4:ref	R5:alt	R5:ref	R6:alt	R6:ref	R7:alt	R7:ref	R1:alt	R1:ref	R2:alt	R2:ref	R3:alt	R3:ref
54	64	28	63	50	51	0	57	26	64	31	68	27	74
44	45	21	65	44	43	0	68	35	71	33	75	30	56
53	48	31	84	51	54	44	43	31	89	26	56	35	73
49	51	31	61	46	48	37	48	27	81	35	73	36	65
10	89	0	102	57	53	37	53	0	117	0	96	0	101
90	11	59	42	69	42	44	51	72	34	61	48	76	41
11	103	0	104	37	44	36	58	0	106	0	95	0	86
0	103	0	105	45	69	0	96	0	95	0	85	0	87
0	104	0	98	25	71	0	94	0	95	0	104	0	115
0	105	0	85	35	66	0	106	0	100	0	98	0	116
0	103	0	112	25	60	0	106	0	102	0	102	0	85
0	160	0	128	36	140	0	140	0	126	0	122	0	127
57	51	23	78	5	91	34	56	23	76	25	72	35	81
39	40	24	75	5	104	42	20	28	67	32	61	30	81
51	51	35	81	5	69	47	60	31	66	27	66	29	73
65	51	38	76	4	85	36	65	28	84	25	61	32	77
40	33	31	74	7	104	0	51	25	74	27	65	36	70
58	61	24	67	5	100	36	61	34	86	29	70	25	72
58	56	19	71	3	94	40	62	42	60	39	59	34	73
0	111	0	91	0	110	37	76	0	104	0	101	0	102
0	97	0	104	0	86	38	15	0	90	0	87	0	76
0	97	0	126	0	85	28	65	0	99	0	118	0	88
0	140	0	116	0	168	35	111	0	134	0	123	0	122
0	81	0	102	0	96	40	15	0	105	0	91	0	83
0	104	0	103	0	92	45	67	0	91	0	112	0	109
0	111	0	100	0	101	39	50	0	107	0	95	0	105
0	143	0	124	0	145	37	102	0	140	0	114	0	131
0	91	0	109	0	92	35	76	0	114	0	98	0	98
36	53	35	61	4	95	0	83	34	55	22	71	31	80
43	65	30	70	4	98	0	82	38	71	29	74	25	66
35	58	29	79	6	98	0	50	23	68	30	57	19	62
35	119	38	118	4	141	0	137	31	94	30	106	40	116
39	72	27	64	7	88	0	94	28	62	21	74	24	66
30	115	29	112	5	156	0	138	34	85	26	84	24	115
0	90	11	82	0	73	0	116	15	89	27	84	0	123
0	101	12	77	0	119	0	105	16	77	22	76	0	100
0	94	11	87	0	88	0	103	19	68	23	73	0	99
0	160	11	124	0	136	0	122	13	104	15	111	0	132
0	82	9	84	0	93	0	108	14	85	19	91	0	86
0	90	0	102	0	97	0	100	0	78	18	79	0	103
0	93	0	100	0	111	0	117	0	94	17	93	0	86
0	149	0	132	0	154	0	126	0	116	15	120	0	127
0	136	0	100	0	87	0	93	0	113	20	86	0	99
0	78	0	89	0	79	0	54	0	106	19	72	0	112
0	110	17	82	0	113	0	110	16	76	0	86	0	128
0	142	8	115	0	145	0	148	23	108	0	133	0	133
0	100	8	87	0	88	0	92	17	70	0	84	0	109
0	107	15	81	0	94	0	97	10	88	0	111	0	107
0	139	7	120	0	177	0	122	18	101	0	111	0	142
0	107	11	97	0	102	0	82	11	74	0	95	0	96
