R4:alt	R4:ref	R5:alt	R5:ref	R6:alt	R6:ref	R7:alt	R7:ref	R1:alt	R1:ref	R2:alt	R2:ref	R3:alt	R3:ref
45	56	25	65	45	57	34	78	30	78	33	67	35	62
49	47	19	82	55	38	28	51	10	76	16	67	27	68
52	44	49	69	44	52	54	52	58	46	48	48	32	72
49	52	33	86	44	37	37	53	31	58	11	65	30	81
43	42	32	76	55	65	38	55	24	76	37	88	37	77
55	57	34	79	61	52	102	67	34	71	30	63	34	72
55	38	27	80	48	51	50	55	29	69	32	86	25	71
0	115	0	109	32	76	0	74	0	94	0	101	0	113
0	79	0	87	32	62	0	100	0	114	0	77	0	93
0	109	0	101	27	60	0	152	0	106	0	98	0	89
0	104	0	80	27	65	0	94	0	99	0	99	0	113
0	97	0	96	24	67	0	103	0	80	0	89	0	111
0	98	0	99	35	68	0	83	0	93	0	69	0	84
0	98	0	100	27	81	0	108	0	100	0	95	0	114
0	101	0	82	43	61	0	113	0	102	0	118	0	82
0	101	0	107	23	62	0	115	0	95	0	94	0	89
62	53	29	71	3	87	38	59	20	68	31	62	37	65
51	44	30	62	4	102	38	66	35	81	34	83	32	84
51	40	36	70	5	87	44	67	33	71	39	47	31	80
48	37	30	69	3	106	45	63	34	78	29	68	25	73
46	41	32	61	5	90	43	55	34	82	36	84	30	74
38	44	18	78	7	75	45	49	12	76	11	72	34	49
52	50	33	70	4	112	44	58	31	71	8	57	41	67
0	112	0	97	0	96	38	63	0	115	0	69	0	104
0	114	0	101	0	112	32	56	0	104	0	84	0	105
0	109	0	86	0	89	46	60	0	90	0	73	0	103
0	87	0	104	0	106	38	67	0	104	0	103	0	114
0	87	0	85	0	109	39	56	0	103	0	81	0	111
0	102	0	95	0	83	44	60	0	98	0	100	0	82
0	90	0	97	0	101	46	55	0	101	0	123	0	104
0	96	0	91	0	98	43	78	0	102	0	110	0	111
35	52	31	55	8	94	0	129	22	64	37	79	31	64
41	68	31	70	5	93	0	103	31	70	33	66	20	69
40	57	27	74	5	98	0	86	32	79	33	60	33	65
29	68	31	53	4	80	0	106	53	60	59	49	43	70
32	51	19	80	4	106	0	156	32	79	39	83	27	72
46	61	34	73	6	101	0	127	40	70	31	67	34	85
36	59	25	85	6	95	0	101	36	77	34	81	27	62
34	63	27	86	9	89	0	118	30	95	32	78	28	54
41	65	13	75	7	77	0	108	9	72	11	69	37	64
42	59	22	78	4	98	0	90	30	75	44	57	14	77
0	111	9	80	0	106	0	105	18	83	0	88	0	84
0	82	11	91	0	110	0	96	25	71	24	75	0	76
0	114	8	80	0	111	0	91	20	92	13	75	0	99
0	100	0	101	0	99	0	94	0	108	19	52	0	97
0	103	0	86	0	92	0	99	0	99	18	74	0	106
0	97	0	97	0	95	0	107	0	88	19	83	0	97
0	83	0	86	0	96	0	156	0	88	14	65	0	102
0	102	0	93	0	96	0	85	0	82	16	80	0	106
0	87	0	101	0	101	0	106	0	114	17	82	0	85
0	92	0	103	0	110	0	84	0	100	23	78	0	104
0	84	0	74	0	72	0	107	0	86	22	52	0	117
0	84	8	81	0	101	0	140	20	85	0	97	0	88
0	95	13	88	0	103	0	122	23	78	0	125	0	109
0	94	11	93	0	109	0	90	21	47	0	76	0	96
0	99	14	93	0	79	0	114	22	65	0	101	0	123
0	107	9	86	0	114	0	113	17	66	0	104	0	134
0	87	13	76	0	112	0	104	23	54	0	101	0	103
