R4:alt	R4:ref	R5:alt	R5:ref	R6:alt	R6:ref	R7:alt	R7:ref	R1:alt	R1:ref	R2:alt	R2:ref	R3:alt	R3:ref
0	50	0	57	38	53	0	48	0	67	0	67	0	64
97	0	70	42	103	0	91	26	57	46	57	37	57	38
52	45	34	76	59	53	38	64	35	92	25	68	21	84
45	42	27	67	49	38	29	61	26	71	40	58	30	65
56	52	35	65	53	56	37	79	30	65	34	67	31	77
42	59	54	99	55	52	48	55	48	70	27	52	30	64
53	58	24	68	58	46	43	72	33	75	31	72	27	80
0	87	0	124	34	79	0	118	0	125	0	98	0	100
0	113	0	108	29	61	0	89	0	87	0	89	0	82
0	57	0	76	23	69	0	71	0	78	0	72	0	56
0	96	0	99	32	66	0	121	0	105	0	96	0	98
0	95	0	80	33	74	0	103	0	101	0	94	0	107
0	103	0	107	31	64	0	98	0	100	0	120	0	105
0	107	0	102	40	58	0	104	0	107	0	110	0	94
0	107	0	96	28	76	0	92	0	96	0	92	0	105
0	110	0	110	30	53	0	87	0	109	0	126	0	95
0	121	0	106	28	74	0	118	0	85	0	100	0	91
59	51	23	61	4	100	38	56	31	71	24	74	29	74
55	60	33	66	1	95	30	69	23	78	26	66	32	75
51	54	30	80	5	83	45	56	26	64	23	75	29	53
0	98	0	108	0	100	34	57	0	100	0	85	0	94
0	104	0	107	0	82	45	67	0	111	0	94	0	89
0	113	0	100	0	104	37	66	0	84	0	98	0	111
0	104	0	91	0	94	41	57	0	102	0	91	0	117
0	106	0	97	0	104	40	57	0	118	0	92	0	98
0	116	0	97	0	110	45	73	0	114	0	121	0	102
0	96	0	85	0	101	40	56	0	91	0	88	0	97
0	94	0	84	0	101	39	52	0	105	0	104	0	102
36	10	24	37	4	99	0	55	26	50	26	40	39	31
38	51	21	72	5	105	0	88	37	65	28	79	22	72
39	60	34	68	3	109	0	100	32	63	32	62	25	79
43	63	29	66	4	70	0	105	25	78	26	62	24	90
43	60	38	61	12	90	0	93	30	66	32	44	45	59
48	49	43	64	7	102	0	127	46	81	27	74	39	63
39	73	48	69	2	105	0	107	40	52	30	66	24	72
44	51	34	73	4	100	0	113	18	76	7	70	22	66
27	60	32	66	3	92	0	89	31	84	33	83	38	87
33	62	37	68	3	104	0	106	34	79	34	69	31	72
0	97	15	93	0	116	0	95	18	95	23	76	0	112
0	112	17	90	0	96	0	109	26	91	17	78	0	102
0	113	7	99	0	110	0	88	23	81	0	82	0	99
0	82	12	90	0	102	0	96	14	88	27	81	0	89
0	94	14	119	0	100	0	105	20	97	24	81	0	93
0	112	0	116	0	96	0	115	0	120	18	75	0	105
0	85	0	110	0	105	0	101	0	140	17	84	0	88
0	84	0	114	0	79	0	106	0	124	18	88	0	121
0	100	0	105	0	113	0	113	0	99	18	66	0	95
0	39	0	67	0	100	0	68	0	79	19	39	0	63
0	111	7	96	0	83	0	108	14	80	0	86	0	84
0	101	14	80	0	91	0	108	24	85	0	97	0	107
0	88	14	88	0	84	0	86	23	65	0	76	0	82
