R4:alt	R4:ref	R5:alt	R5:ref	R6:alt	R6:ref	R7:alt	R7:ref	R1:alt	R1:ref	R2:alt	R2:ref	R3:alt	R3:ref
64	0	27	43	44	0	31	16	22	39	28	32	21	35
66	61	37	62	48	55	42	56	43	77	28	71	30	67
13	63	0	73	42	43	38	52	0	76	0	64	0	94
49	49	28	73	57	58	36	52	29	65	38	66	23	79
48	0	33	33	72	31	46	20	24	40	26	44	31	33
50	49	32	75	46	45	41	56	28	69	27	77	24	78
52	56	34	54	39	59	38	57	41	72	26	80	31	78
58	0	24	30	52	49	41	27	27	29	37	40	29	45
53	58	33	61	64	50	35	65	32	63	28	101	27	77
0	104	0	116	29	63	0	107	0	115	0	99	0	99
0	114	0	95	26	78	0	113	0	96	0	99	0	114
0	111	0	102	30	82	0	91	0	87	0	117	0	91
0	73	0	68	28	60	0	114	0	70	0	75	0	72
0	102	0	100	28	82	0	104	0	101	0	119	0	97
36	47	29	70	6	102	33	58	29	76	36	55	30	67
38	44	29	77	3	79	32	70	38	73	19	67	24	58
50	43	27	73	8	101	41	61	31	78	20	67	30	77
53	55	38	62	2	86	44	67	30	61	33	69	32	76
46	45	38	86	3	85	42	57	29	79	35	81	27	76
0	43	0	80	0	93	27	27	0	74	0	74	0	61
0	43	0	80	0	107	39	19	0	82	0	89	0	79
0	46	0	75	0	50	43	16	0	60	0	66	0	68
0	43	0	77	0	101	48	21	0	77	0	75	0	58
0	50	0	71	0	46	43	21	0	81	0	67	0	67
0	119	0	97	0	98	28	52	0	95	0	100	0	124
0	55	0	59	0	45	36	22	0	72	0	74	0	58
0	99	0	99	0	94	49	91	0	96	0	115	0	102
0	107	0	116	0	91	36	52	0	116	0	104	0	86
49	67	27	89	5	108	0	107	32	59	32	82	25	75
33	11	32	44	11	43	0	59	20	44	38	47	37	39
41	11	30	55	8	44	0	67	31	39	36	49	31	30
46	16	35	45	5	100	0	87	30	45	27	47	30	37
47	60	31	84	1	89	0	94	35	60	34	80	32	83
32	16	29	47	4	81	0	94	21	44	26	37	23	43
41	11	35	38	4	70	0	61	37	33	28	41	24	37
44	9	42	43	3	36	0	85	35	43	28	33	29	33
38	59	24	71	6	113	0	96	27	78	35	54	30	61
0	93	7	78	0	98	0	85	11	84	24	84	0	117
0	55	9	68	0	88	0	100	22	58	21	59	0	68
0	68	15	81	0	104	0	117	15	51	8	57	0	65
0	112	14	102	0	107	0	100	12	77	13	69	0	92
0	105	0	103	0	96	0	92	0	94	13	79	0	81
0	112	0	115	0	95	0	97	0	92	14	76	0	93
0	49	0	61	0	103	0	53	0	61	12	48	0	77
0	94	0	96	0	103	0	87	0	100	22	61	0	117
0	108	0	94	0	90	0	109	0	103	18	77	0	99
0	105	0	96	0	97	0	96	0	106	25	72	0	99
0	95	0	122	0	107	0	94	0	98	14	75	0	80
0	113	0	89	0	88	0	100	0	113	21	78	0	93
0	92	7	82	0	111	0	111	24	93	0	101	0	104
0	99	16	94	0	96	0	102	17	78	0	106	0	106
0	95	13	88	0	107	0	94	19	88	0	96	0	99
0	85	10	99	0	120	0	101	16	66	0	133	0	90
0	99	8	100	0	81	0	111	18	91	0	116	0	110
0	57	13	57	0	79	0	86	12	64	0	70	0	66
0	102	6	81	0	95	0	81	18	77	0	93	0	102
