R4:alt	R4:ref	R5:alt	R5:ref	R6:alt	R6:ref	R7:alt	R7:ref	R1:alt	R1:ref	R2:alt	R2:ref	R3:alt	R3:ref
53	46	28	78	17	58	43	68	34	60	24	79	32	58
47	59	24	76	44	55	46	58	4	95	35	61	29	76
48	60	30	68	42	34	46	52	30	55	29	81	20	84
43	54	30	61	44	54	38	43	31	77	28	72	26	46
49	49	31	68	53	48	26	46	33	77	26	64	37	61
51	49	22	82	15	47	42	63	25	72	26	72	38	76
45	44	34	64	50	27	40	64	20	72	37	69	29	78
52	52	32	66	39	56	36	65	29	72	23	69	31	68
53	54	25	83	51	50	33	67	24	87	36	59	24	69
37	47	23	58	49	53	37	58	36	91	32	68	29	52
0	101	0	122	22	81	0	88	0	122	0	97	0	98
0	128	0	72	41	74	0	105	0	104	0	95	0	87
0	99	0	109	25	68	0	98	0	116	0	84	0	102
0	115	0	106	32	74	0	101	0	88	0	88	0	105
0	101	0	109	30	62	0	100	0	119	0	88	0	94
0	102	0	122	28	70	0	103	0	128	0	87	0	112
0	102	0	79	23	60	0	98	0	97	0	86	0	117
49	66	49	71	5	84	50	69	31	58	29	54	30	77
57	54	27	68	7	91	36	60	27	75	35	59	20	50
72	54	28	77	4	97	51	52	33	71	20	73	20	65
61	48	34	73	6	93	52	73	23	88	43	63	45	57
0	100	0	108	0	95	43	58	0	110	0	120	0	112
0	88	0	86	0	97	27	57	0	90	0	91	0	109
0	97	0	91	0	106	40	67	0	98	0	81	0	101
0	93	0	96	0	94	42	54	0	106	0	119	0	111
0	107	0	111	0	98	39	47	0	98	0	101	0	92
0	88	0	108	0	76	37	50	0	105	0	107	0	107
0	105	0	89	0	70	44	62	0	111	0	115	0	111
0	104	0	104	0	74	29	62	0	87	0	104	0	87
45	56	33	81	5	91	0	96	27	68	25	76	27	72
29	64	36	74	4	89	0	88	30	64	38	70	43	66
44	56	35	70	3	116	0	97	31	73	26	77	32	70
45	59	37	80	3	115	0	126	24	61	30	73	32	63
45	63	37	91	6	103	0	102	32	82	27	62	28	59
38	56	26	69	2	63	0	100	35	66	28	76	33	70
0	105	12	92	0	92	0	97	19	78	22	95	0	99
0	115	11	124	0	103	0	101	15	97	20	79	0	111
0	114	11	94	0	107	0	100	22	76	15	67	0	99
0	90	6	98	0	73	0	121	23	78	20	81	0	99
0	100	9	102	0	105	0	113	14	93	19	82	0	94
0	101	25	90	0	106	0	85	40	64	26	92	0	107
0	110	7	86	0	91	0	91	16	78	47	70	0	99
0	96	0	119	0	88	0	102	0	109	15	87	0	112
0	111	11	105	0	106	0	84	30	78	19	75	0	113
0	97	7	118	0	78	0	97	17	86	20	71	0	89
0	103	0	93	0	101	0	90	0	113	21	72	0	98
0	110	0	79	0	86	0	94	0	84	15	82	0	101
0	95	0	109	0	105	0	94	0	116	20	84	0	97
0	98	0	97	0	69	0	91	0	116	8	86	0	103
0	101	0	103	0	99	0	120	0	93	19	87	0	77
0	98	0	98	0	92	0	99	0	103	16	88	0	107
0	107	0	98	0	75	0	84	0	89	22	93	0	95
0	96	0	115	0	91	0	109	0	134	11	95	0	104
0	91	0	92	0	76	0	128	0	98	25	84	0	91
0	100	0	107	0	103	0	101	0	107	41	78	0	92
0	111	12	101	0	95	0	100	11	85	0	104	0	93
0	94	11	84	0	108	0	101	16	72	0	106	0	94
0	95	12	98	0	108	0	95	20	89	0	112	0	96
0	90	17	96	0	96	0	109	40	65	0	103	0	87
0	91	7	83	0	109	0	105	22	66	0	104	0	102
0	91	8	84	0	102	0	107	24	70	0	104	0	92
