R4:alt	R4:ref	R5:alt	R5:ref	R6:alt	R6:ref	R7:alt	R7:ref	R1:alt	R1:ref	R2:alt	R2:ref	R3:alt	R3:ref
61	59	27	76	59	50	41	58	39	80	36	69	39	71
55	60	32	85	59	50	39	61	30	58	10	56	28	76
56	48	47	83	51	52	43	51	26	66	46	71	28	71
59	42	27	70	48	50	41	48	31	70	30	73	30	63
44	53	27	54	46	52	27	56	39	89	22	66	15	79
0	67	0	57	28	55	0	59	0	69	0	73	0	62
0	94	0	127	31	58	0	87	0	111	0	101	0	92
0	57	0	92	37	68	0	71	0	56	0	73	0	67
0	101	0	113	35	72	0	117	0	101	0	111	0	112
0	93	0	103	25	89	0	102	0	96	0	81	0	107
0	99	0	114	24	67	0	106	0	95	0	114	0	111
0	103	0	110	29	64	0	100	0	93	0	108	0	94
0	102	0	102	32	57	0	115	0	110	0	94	0	105
0	107	0	86	21	68	0	100	0	90	0	105	0	84
0	89	0	99	21	68	0	112	0	124	0	106	0	90
61	40	30	78	8	75	40	51	32	79	26	75	27	61
43	48	29	81	4	114	45	57	41	83	31	70	35	56
58	59	33	59	4	86	71	54	28	70	25	64	29	67
39	0	35	35	5	110	41	28	28	37	29	42	30	40
45	52	25	69	5	103	23	76	33	65	10	65	27	63
44	44	34	58	5	105	38	45	31	74	32	52	31	71
45	33	43	73	5	90	31	53	31	73	30	75	28	67
51	0	34	44	5	99	37	19	33	40	19	32	37	45
40	36	27	66	4	108	41	64	22	69	31	70	29	59
60	0	26	27	5	73	39	16	30	48	29	35	26	51
0	91	0	91	0	109	49	101	0	90	0	99	0	102
0	88	0	108	0	113	48	61	0	109	0	73	0	97
0	94	0	110	0	88	40	60	0	100	0	94	0	112
0	97	0	104	0	111	32	65	0	106	0	89	0	115
0	98	0	96	0	106	49	77	0	86	0	83	0	105
0	105	0	85	0	101	39	81	0	105	0	108	0	99
0	99	0	95	0	105	42	67	0	109	0	91	0	111
0	102	0	100	0	98	32	50	0	92	0	111	0	109
45	52	31	65	6	93	0	120	38	54	37	65	38	76
38	57	32	73	7	106	0	85	24	85	23	72	31	64
33	62	28	58	5	69	0	113	20	82	23	67	27	75
34	64	26	62	6	97	0	154	25	89	22	76	28	70
42	66	33	78	2	86	0	98	36	77	32	72	29	64
37	63	32	66	13	94	0	97	28	58	28	75	20	80
34	53	34	65	2	93	0	155	28	68	30	65	34	76
34	53	26	78	6	107	0	88	48	59	23	61	29	72
0	87	14	109	0	113	0	93	13	92	17	62	0	102
0	44	9	59	0	90	0	65	26	46	18	45	0	51
0	103	9	92	0	120	0	90	31	70	0	74	0	93
0	87	7	85	0	87	0	98	26	91	19	72	0	83
0	99	16	79	0	104	0	106	25	88	40	55	0	95
0	101	8	84	0	89	0	104	15	75	50	51	0	87
0	103	0	122	0	101	0	106	0	80	51	56	0	99
0	105	0	77	0	103	0	154	0	93	18	84	0	94
0	101	0	87	0	82	0	97	0	83	19	81	0	119
0	103	0	90	0	109	0	103	0	102	0	83	0	95
0	82	0	113	0	82	0	127	0	96	15	70	0	85
0	44	0	74	0	101	0	51	0	83	18	40	0	66
0	103	0	104	0	100	0	104	0	110	0	97	0	106
0	104	10	68	0	90	0	119	19	74	0	106	0	88
0	100	10	88	0	97	0	151	24	72	0	116	0	86
0	108	8	86	0	81	0	103	33	85	0	93	0	83
