R4:alt	R4:ref	R5:alt	R5:ref	R6:alt	R6:ref	R7:alt	R7:ref	R1:alt	R1:ref	R2:alt	R2:ref	R3:alt	R3:ref
46	56	26	53	53	62	41	51	34	71	27	62	29	72
48	43	21	78	71	48	47	60	40	69	29	79	39	72
55	59	34	72	41	54	40	70	26	59	20	94	32	65
36	53	23	81	43	43	77	71	26	76	32	84	25	51
41	46	30	66	46	41	29	77	26	62	45	87	35	59
57	42	36	60	54	83	44	63	31	77	30	64	32	77
54	46	30	61	52	52	54	69	30	72	30	74	40	82
52	51	28	59	56	48	43	60	25	66	26	62	34	60
45	50	29	74	42	53	90	65	24	78	27	68	37	72
0	85	0	100	34	112	0	118	0	112	0	104	0	91
0	104	0	90	30	58	0	104	0	95	0	89	0	90
0	84	0	107	29	61	0	99	0	97	0	98	0	102
0	107	0	106	27	111	0	96	0	108	0	112	0	98
0	107	0	93	33	55	0	109	0	120	0	93	0	94
40	61	35	70	6	96	43	114	22	77	21	77	35	98
63	50	30	57	6	74	80	63	45	69	33	73	41	56
45	50	33	64	4	129	37	57	31	61	32	67	39	79
62	44	40	51	4	94	52	62	44	50	34	66	27	57
45	48	29	69	5	84	37	48	37	62	34	68	25	75
0	106	0	105	0	144	38	58	0	112	0	97	0	88
0	101	0	85	0	95	56	59	0	99	0	114	0	96
0	106	0	97	0	115	33	66	0	101	0	106	0	119
0	120	0	119	0	106	36	53	0	99	0	95	0	98
0	122	0	94	0	94	38	53	0	101	0	131	0	109
0	85	0	93	0	101	40	48	0	83	0	95	0	106
0	91	0	89	0	92	38	96	0	90	0	106	0	95
0	100	0	92	0	156	41	47	0	97	0	106	0	87
46	65	27	73	5	100	0	120	26	67	29	82	32	65
53	61	34	85	3	87	0	109	21	71	19	74	29	93
38	56	26	66	2	117	0	97	22	68	27	60	27	61
39	80	24	70	3	114	0	108	9	77	32	70	29	70
42	65	23	84	7	96	0	112	30	67	44	74	33	69
49	44	24	84	5	88	0	110	42	69	29	86	31	62
48	71	34	75	2	88	0	91	26	74	36	60	35	80
0	98	10	70	0	78	0	125	24	86	15	85	0	100
0	113	12	103	0	99	0	95	22	81	28	89	0	121
0	89	9	82	0	103	0	110	23	97	24	74	0	105
0	91	13	82	0	133	0	112	23	83	20	73	0	103
0	117	11	84	0	90	0	147	19	69	25	91	0	117
0	96	13	89	0	106	0	123	21	77	17	99	0	114
0	106	0	80	0	83	0	78	0	115	21	69	0	108
0	104	0	101	0	104	0	89	0	112	18	67	0	104
0	95	0	109	0	108	0	85	0	88	20	88	0	79
0	106	0	95	0	120	0	113	0	103	19	95	0	91
0	92	0	93	0	91	0	86	0	117	28	77	0	115
0	123	0	87	0	96	0	108	0	103	26	102	0	95
0	117	0	98	0	103	0	96	0	111	19	77	0	82
0	117	0	98	0	93	0	99	0	103	22	79	0	94
0	87	0	91	0	103	0	106	0	112	24	80	0	100
0	120	0	103	0	84	0	138	0	93	16	92	0	102
0	88	7	117	0	86	0	101	25	84	0	129	0	124
0	99	16	102	0	89	0	92	20	73	0	96	0	99
0	97	10	91	0	100	0	109	28	77	0	99	0	107
0	97	11	91	0	136	0	93	22	91	0	98	0	85
0	110	13	95	0	99	0	110	27	81	0	103	0	103
0	88	11	85	0	130	0	95	20	72	0	102	0	93
0	91	9	84	0	95	0	106	21	91	0	78	0	102
0	113	11	86	0	86	0	115	34	56	0	118	0	95
0	119	9	102	0	105	0	97	21	93	0	106	0	91
