R4:alt	R4:ref	R5:alt	R5:ref	R6:alt	R6:ref	R7:alt	R7:ref	R1:alt	R1:ref	R2:alt	R2:ref	R3:alt	R3:ref
51	41	47	71	46	51	39	59	59	67	29	70	36	62
49	50	38	64	50	47	32	61	35	70	37	70	24	58
50	37	31	95	42	56	47	78	26	90	28	72	35	50
42	77	28	53	42	55	38	63	32	70	39	68	25	63
58	54	32	92	48	52	45	61	32	80	33	75	31	75
56	48	29	72	43	51	43	56	34	80	35	59	22	72
49	118	33	94	37	91	40	96	31	108	39	108	36	104
48	41	30	76	53	52	25	60	25	93	38	79	33	56
47	60	24	76	48	65	46	50	26	71	38	64	37	52
48	49	38	82	51	50	36	64	30	94	28	78	23	70
0	93	0	111	26	79	0	88	0	108	0	99	0	97
0	101	0	111	41	75	0	119	0	97	0	109	0	96
0	99	0	115	21	72	0	81	0	121	0	98	0	87
0	101	0	111	24	60	0	112	0	87	0	104	0	101
0	108	0	109	38	56	0	85	0	100	0	104	0	89
0	104	0	106	29	74	0	95	0	138	0	122	0	132
0	87	0	106	23	65	0	105	0	100	0	110	0	113
55	46	28	82	5	102	34	60	34	76	20	68	47	57
55	62	38	73	3	96	40	61	28	61	26	67	33	68
49	58	30	88	3	108	49	64	25	103	28	61	34	67
47	44	28	66	3	94	44	68	30	69	30	65	37	81
36	46	33	61	5	97	34	54	44	68	55	69	30	62
59	58	28	67	5	97	37	57	29	76	28	84	31	70
58	54	32	57	2	88	37	52	28	66	24	60	35	70
58	47	25	62	3	84	39	62	29	73	36	67	32	54
0	93	0	95	0	85	46	65	0	106	0	99	0	104
0	118	0	105	0	115	43	64	0	93	0	96	0	97
0	103	0	84	0	99	42	61	0	94	0	108	0	124
0	156	0	154	0	157	36	106	0	147	0	117	0	124
0	91	0	112	0	100	46	72	0	122	0	98	0	94
0	103	0	107	0	113	37	47	0	102	0	97	0	102
0	103	0	88	0	96	46	66	0	122	0	120	0	111
0	108	0	103	0	106	38	49	0	80	0	89	0	96
33	70	25	82	6	89	0	101	34	72	39	60	30	66
44	60	25	75	8	78	0	88	34	76	24	68	28	62
36	61	16	67	5	94	0	96	30	58	35	76	34	72
43	113	28	97	4	159	0	162	26	105	28	91	30	112
42	81	35	54	7	109	0	100	27	78	44	85	42	75
32	54	40	70	3	101	0	105	23	64	27	77	26	68
42	56	37	71	3	94	0	88	23	83	21	63	34	49
41	68	40	74	7	90	0	77	45	60	51	80	34	70
47	47	23	59	4	104	0	97	30	82	19	79	32	75
0	105	7	93	0	107	0	97	15	77	15	78	0	105
0	80	23	84	0	94	0	122	34	87	15	78	0	90
0	85	5	96	0	94	0	115	19	85	15	84	0	93
0	92	8	100	0	96	0	100	18	69	23	78	0	100
0	156	0	153	0	124	0	165	0	136	32	120	0	129
0	95	0	88	0	101	0	95	0	94	28	85	0	85
0	101	0	107	0	93	0	113	0	110	23	91	0	93
0	158	4	108	0	164	0	133	13	114	0	148	0	120
0	91	14	110	0	93	0	108	20	94	0	87	0	68
0	111	15	76	0	93	0	85	43	85	0	99	0	99
0	121	12	94	0	94	0	97	24	75	0	110	0	100
0	79	8	90	0	107	0	92	25	74	0	97	0	89
0	114	11	97	0	99	0	96	18	81	0	84	0	110
