R4:alt	R4:ref	R5:alt	R5:ref	R6:alt	R6:ref	R7:alt	R7:ref	R1:alt	R1:ref	R2:alt	R2:ref	R3:alt	R3:ref
81	50	70	75	69	62	30	61	46	62	61	75	74	83
44	45	33	88	49	44	30	72	17	69	32	68	40	71
57	102	29	97	40	75	48	57	23	107	20	95	23	108
47	61	30	61	49	42	39	54	25	85	58	58	26	82
47	49	36	81	47	46	50	63	33	68	26	72	29	64
55	50	36	74	52	52	37	62	22	73	30	72	31	56
52	69	35	57	60	46	40	57	36	60	25	72	23	64
54	64	28	73	45	58	35	56	26	85	35	82	25	73
0	135	0	121	25	60	0	95	0	136	0	144	0	116
0	144	0	138	32	69	0	89	0	130	0	122	0	119
0	106	0	122	29	78	0	97	0	102	0	112	0	97
0	97	0	103	31	69	0	100	0	96	0	97	0	88
0	98	0	86	22	52	0	99	0	91	0	69	0	99
0	105	0	95	32	80	0	107	0	101	0	94	0	110
0	90	0	102	24	61	0	87	0	107	0	101	0	91
0	87	0	103	38	67	0	97	0	110	0	126	0	104
59	39	34	68	5	97	45	56	37	55	28	65	34	68
53	55	39	62	5	92	41	54	25	40	46	47	45	60
41	48	22	63	3	93	43	64	10	67	10	68	25	56
63	38	32	67	5	85	33	71	29	73	42	65	34	71
0	90	0	103	0	96	51	48	0	110	0	120	0	104
0	95	0	113	0	89	36	60	0	95	0	106	0	100
0	141	0	132	0	109	34	58	0	141	0	129	0	152
0	105	0	111	0	96	42	54	0	103	0	99	0	92
44	54	48	58	4	84	0	101	50	88	44	64	31	59
41	56	26	69	5	104	0	109	17	78	31	95	31	90
47	101	43	94	6	107	0	89	24	84	31	96	38	107
42	61	31	69	7	112	0	103	33	60	29	71	40	69
42	53	27	78	13	87	0	122	31	66	38	61	28	73
47	64	29	64	5	98	0	83	30	64	32	104	24	73
40	54	26	69	11	110	0	119	10	70	7	76	30	70
31	71	29	52	9	109	0	85	35	69	25	65	23	68
44	64	27	71	11	94	0	92	25	65	38	69	38	73
45	59	31	82	4	103	0	86	27	55	31	82	22	58
0	95	11	98	0	104	0	111	16	111	22	86	0	87
0	99	10	97	0	111	0	98	21	88	27	82	0	97
0	88	13	74	0	99	0	125	27	86	15	77	0	96
0	93	7	104	0	104	0	107	25	91	23	110	0	98
0	100	6	94	0	91	0	101	18	91	21	79	0	90
0	102	10	86	0	97	0	104	19	59	20	51	0	120
0	104	22	87	0	98	0	102	37	72	41	68	0	99
0	82	0	116	0	80	0	102	0	113	24	94	0	119
0	109	0	114	0	111	0	103	0	116	19	88	0	92
0	140	0	117	0	115	0	115	0	121	17	124	0	115
0	92	0	95	0	111	0	97	0	107	18	82	0	110
0	90	0	124	0	96	0	102	0	109	24	99	0	101
0	107	0	96	0	96	0	102	0	112	21	93	0	96
0	93	9	85	0	85	0	111	20	93	0	91	0	106
0	100	8	88	0	91	0	110	14	61	0	79	0	102
0	80	5	78	0	109	0	103	21	81	0	126	0	108
0	110	11	102	0	89	0	96	17	104	0	111	0	112
0	127	18	108	0	93	0	96	19	68	0	90	0	98
