R4:alt	R4:ref	R5:alt	R5:ref	R6:alt	R6:ref	R7:alt	R7:ref	R1:alt	R1:ref	R2:alt	R2:ref	R3:alt	R3:ref
50	46	19	69	57	53	59	43	30	66	28	75	34	86
56	48	26	61	56	46	43	53	25	72	35	76	34	74
56	42	34	78	48	52	35	63	29	64	27	57	23	72
51	43	34	75	46	30	50	78	49	70	39	84	31	80
46	54	27	70	42	51	39	52	29	71	21	69	34	51
0	132	0	128	35	71	0	146	0	125	0	130	0	138
0	99	0	89	33	64	0	87	0	104	0	77	0	89
0	92	0	98	45	65	0	103	0	91	0	111	0	107
0	122	0	84	35	67	0	96	0	117	0	117	0	97
0	97	0	87	35	54	0	96	0	75	0	106	0	102
0	102	0	99	35	59	0	116	0	97	0	68	0	114
0	92	0	99	42	76	0	90	0	81	0	106	0	99
0	111	0	82	27	58	0	122	0	101	0	105	0	89
0	110	0	112	28	65	0	113	0	86	0	94	0	108
67	101	34	87	7	100	44	94	25	99	38	95	36	99
50	101	24	102	9	101	35	107	36	101	23	95	36	110
50	51	22	69	8	104	44	54	26	59	24	78	28	76
49	75	32	56	5	87	33	62	55	70	31	70	34	81
47	42	43	66	5	101	36	49	57	74	32	56	30	73
47	42	26	71	7	98	32	52	21	69	27	74	31	71
51	62	27	72	3	80	45	62	29	79	43	63	31	62
53	54	32	71	3	72	44	58	31	79	31	64	29	74
46	47	28	84	1	95	37	76	28	95	27	75	31	73
53	64	23	89	7	81	44	50	28	78	27	79	27	65
0	93	0	90	0	107	42	61	0	102	0	111	0	114
0	151	0	128	0	99	37	104	0	126	0	149	0	131
0	101	0	101	0	112	35	57	0	99	0	94	0	84
44	66	30	66	6	95	0	101	28	62	22	85	31	60
48	62	38	80	7	108	0	113	37	72	26	77	33	77
45	66	22	54	5	96	0	91	36	76	29	69	38	72
41	60	26	52	6	97	0	91	36	50	34	63	40	56
37	109	31	111	4	90	0	142	34	104	27	90	27	109
37	115	35	107	5	102	0	127	39	107	26	94	25	95
46	48	31	54	5	78	0	113	20	51	30	62	29	70
38	52	35	56	6	83	0	93	32	75	22	68	33	77
33	59	34	90	7	95	0	87	32	78	33	76	29	60
35	95	27	95	4	93	0	118	30	98	31	99	34	105
0	97	9	79	0	98	0	98	18	75	23	80	0	93
0	95	16	93	0	80	0	98	20	52	25	87	0	92
0	106	10	79	0	94	0	92	18	81	17	79	0	104
0	134	14	113	0	95	0	147	25	106	22	120	0	128
0	106	19	89	0	92	0	102	36	92	23	88	0	114
0	84	13	88	0	99	0	93	41	74	18	85	0	119
0	122	0	111	0	89	0	90	0	90	22	90	0	84
0	119	19	90	0	108	0	94	16	79	19	74	0	113
0	108	0	109	0	97	0	117	0	82	25	72	0	112
0	159	0	124	0	106	0	139	0	135	21	96	0	146
0	96	0	110	0	97	0	109	0	112	25	67	0	98
0	95	0	93	0	108	0	100	0	110	20	88	0	117
0	112	0	93	0	90	0	101	0	83	17	95	0	94
0	103	0	98	0	93	0	99	0	113	22	76	0	122
0	97	0	110	0	84	0	109	0	113	14	82	0	118
0	99	0	106	0	117	0	115	0	78	19	97	0	97
0	94	0	75	0	110	0	100	0	86	0	93	0	96
0	99	8	80	0	99	0	102	19	107	0	103	0	118
0	97	9	97	0	91	0	88	12	84	0	109	0	106
0	92	16	88	0	114	0	100	22	81	0	101	0	102
0	103	9	83	0	111	0	98	17	79	0	89	0	111
0	98	7	73	0	109	0	103	17	76	0	109	0	107
0	91	9	64	0	102	0	99	24	78	0	102	0	119
0	95	10	104	0	85	0	121	18	97	0	97	0	113
