R4:alt	R4:ref	R5:alt	R5:ref	R6:alt	R6:ref	R7:alt	R7:ref	R1:alt	R1:ref	R2:alt	R2:ref	R3:alt	R3:ref
47	55	32	69	58	51	38	100	29	62	31	75	29	70
46	67	30	66	60	52	37	56	28	81	34	65	25	72
65	57	28	49	56	53	58	53	24	50	28	78	29	56
0	110	0	94	25	83	0	108	0	80	0	98	0	94
0	80	0	103	26	80	0	104	0	95	0	106	0	105
0	112	0	115	31	87	0	115	0	102	0	120	0	111
0	106	0	104	27	71	0	135	0	123	0	102	0	89
51	52	20	65	6	93	41	62	30	66	28	73	36	72
0	49	0	68	0	117	0	67	0	64	0	62	0	73
36	59	22	77	3	98	38	69	34	81	32	67	36	62
52	58	27	75	3	116	40	50	36	54	23	78	33	88
52	51	31	69	5	90	47	50	43	71	36	63	35	65
48	43	37	60	4	87	46	90	30	70	25	77	28	80
56	57	24	69	3	104	75	73	34	63	26	66	25	65
59	52	30	64	5	80	43	64	35	67	32	82	33	74
83	52	58	75	11	89	37	54	67	68	47	58	48	73
45	42	29	73	9	84	29	61	22	55	37	74	29	69
0	90	0	102	0	100	38	72	0	106	0	108	0	97
0	89	0	101	0	101	50	71	0	101	0	91	0	107
0	98	0	109	0	85	40	101	0	102	0	112	0	96
0	127	0	138	0	100	40	57	0	121	0	127	0	140
0	102	0	102	0	97	37	68	0	94	0	88	0	95
0	154	0	104	0	91	46	56	0	141	0	109	0	145
0	107	0	95	0	89	31	52	0	86	0	98	0	115
0	88	0	106	0	91	41	52	0	91	0	99	0	100
0	145	0	122	0	105	41	59	0	148	0	146	0	122
48	62	36	68	6	89	0	132	33	58	32	55	28	69
72	17	58	50	12	83	0	100	53	43	59	33	71	38
39	100	29	101	7	105	0	133	27	109	37	111	22	99
34	64	30	70	2	92	0	97	26	68	27	76	33	52
39	56	25	75	4	81	0	105	30	86	37	63	27	72
42	43	32	69	4	105	0	132	19	60	37	75	40	65
33	53	26	66	4	89	0	90	26	69	31	67	32	71
0	98	15	91	0	108	0	119	24	99	19	93	0	106
0	164	6	122	0	105	0	91	15	105	20	111	0	142
0	100	10	95	0	100	0	133	23	76	16	99	0	96
0	147	6	108	0	94	0	117	22	117	16	107	0	128
0	140	12	116	0	116	0	102	16	115	18	101	0	120
0	111	11	97	0	93	0	98	24	75	19	70	0	99
0	101	7	85	0	118	0	96	18	86	20	78	0	85
0	91	8	93	0	98	0	105	14	95	28	80	0	83
0	91	14	76	0	108	0	87	21	77	17	63	0	99
0	98	12	78	0	90	0	99	19	91	22	80	0	89
0	93	0	105	0	100	0	136	0	88	27	85	0	94
0	81	0	102	0	127	0	125	0	110	29	78	0	101
0	97	0	109	0	102	0	96	0	120	13	79	0	79
0	127	0	150	0	124	0	95	0	129	22	111	0	131
0	95	0	65	0	95	0	132	0	86	23	94	0	103
0	130	0	128	0	123	0	106	0	137	22	108	0	133
0	154	0	131	0	114	0	104	0	128	20	117	0	124
0	151	0	122	0	104	0	120	0	129	19	101	0	114
0	94	0	102	0	105	0	105	0	86	25	81	0	97
0	71	0	92	0	83	0	88	0	94	16	91	0	105
0	103	10	98	0	112	0	158	18	83	0	100	0	107
0	134	12	112	0	100	0	85	22	119	0	127	0	138
0	101	3	93	0	93	0	140	27	61	0	100	0	82
0	115	12	99	0	102	0	99	17	85	0	101	0	100
0	41	9	59	0	88	0	42	25	54	0	81	0	76
0	35	13	53	0	88	0	58	17	43	0	77	0	67
0	95	8	100	0	101	0	99	13	100	0	87	0	97
0	101	7	84	0	102	0	96	17	82	0	92	0	108
