R4:alt	R4:ref	R5:alt	R5:ref	R6:alt	R6:ref	R7:alt	R7:ref	R1:alt	R1:ref	R2:alt	R2:ref	R3:alt	R3:ref
0	48	0	74	36	38	0	56	0	75	0	69	0	70
0	53	0	68	50	51	0	74	0	56	0	62	0	68
42	49	33	72	53	72	36	53	26	95	32	71	28	72
0	55	0	68	53	56	0	59	0	61	0	74	0	78
42	50	44	78	53	51	44	74	48	57	63	57	27	57
51	38	20	67	41	39	32	65	30	71	34	67	27	79
0	55	0	58	47	45	0	71	0	75	0	60	0	75
56	99	16	78	44	49	45	112	29	93	28	119	37	79
54	54	28	71	58	52	35	60	32	75	13	64	28	76
0	108	0	91	39	77	0	110	0	87	0	90	0	101
0	107	0	112	30	56	0	93	0	95	0	113	0	95
0	59	0	72	29	74	0	55	0	72	0	75	0	71
0	114	0	103	29	63	0	109	0	103	0	116	0	116
0	177	0	124	24	71	0	135	0	124	0	140	0	142
0	111	0	90	31	70	0	96	0	109	0	77	0	96
0	119	0	100	21	92	0	98	0	105	0	85	0	90
0	112	0	107	26	69	0	118	0	102	0	103	0	95
0	53	0	71	25	67	0	65	0	63	0	67	0	69
50	62	25	75	5	109	30	61	17	79	29	60	28	80
58	46	31	79	5	80	53	55	20	78	13	75	29	69
62	40	30	65	3	117	41	49	37	71	18	45	34	71
44	0	47	36	8	99	47	22	20	45	34	41	44	42
58	102	37	105	4	93	34	107	21	113	26	107	32	89
42	44	27	53	5	104	42	60	37	72	26	61	33	64
49	57	27	80	8	89	39	60	39	119	27	91	26	71
53	46	22	56	4	89	36	64	27	80	30	56	28	63
50	50	35	74	5	94	31	52	39	68	30	78	39	60
35	42	26	48	6	100	44	44	26	76	27	68	32	61
0	91	0	102	0	102	48	65	0	112	0	71	0	105
0	94	0	98	0	92	35	63	0	120	0	95	0	88
0	130	0	128	0	96	47	100	0	122	0	125	0	138
0	121	0	106	0	102	34	66	0	103	0	102	0	118
0	88	0	127	0	103	40	64	0	135	0	125	0	120
35	58	23	59	6	101	0	86	31	60	28	86	29	71
37	105	33	101	8	95	0	147	28	96	27	118	28	116
44	61	34	59	7	85	0	85	37	65	34	77	26	74
43	103	28	87	4	95	0	141	31	106	21	92	35	94
45	7	26	45	5	101	0	48	38	48	39	34	30	29
33	108	35	89	5	90	0	151	28	88	35	89	28	93
37	51	32	73	3	90	0	93	31	54	20	56	30	58
44	59	30	64	6	90	0	120	28	62	29	72	41	68
54	98	28	76	10	108	0	148	34	103	40	96	26	101
0	87	6	92	0	109	0	99	24	71	18	80	0	100
0	154	12	120	0	121	0	142	23	120	20	119	0	141
0	110	6	93	0	103	0	111	24	87	18	85	0	104
0	112	7	80	0	95	0	87	17	73	20	81	0	94
0	87	13	95	0	86	0	109	16	76	18	73	0	99
0	78	11	81	0	99	0	103	20	66	18	90	0	100
0	94	19	90	0	104	0	82	46	93	41	84	0	92
0	92	11	81	0	121	0	111	30	85	19	67	0	93
0	168	0	125	0	125	0	122	0	132	25	105	0	140
0	104	0	88	0	116	0	94	0	96	20	89	0	92
0	107	0	91	0	97	0	109	0	96	21	76	0	99
0	103	8	94	0	98	0	108	18	79	0	90	0	107
0	164	7	127	0	116	0	127	17	101	0	144	0	138
0	102	6	97	0	90	0	108	21	73	0	91	0	106
0	86	5	86	0	96	0	100	15	90	0	76	0	113
0	101	6	97	0	108	0	105	22	75	0	105	0	100
0	108	10	68	0	109	0	111	23	71	0	73	0	93
