R4:alt	R4:ref	R5:alt	R5:ref	R6:alt	R6:ref	R7:alt	R7:ref	R1:alt	R1:ref	R2:alt	R2:ref	R3:alt	R3:ref
0	50	0	70	0	52	0	64	0	60	0	71	0	59
66	51	35	70	91	50	53	57	27	63	25	77	26	69
52	47	35	71	86	54	37	55	33	72	23	76	28	66
67	48	27	72	55	41	56	62	28	80	32	95	43	80
60	59	48	64	62	40	34	69	22	74	34	69	25	76
0	63	0	59	49	51	0	46	0	76	0	78	0	77
53	0	36	37	52	38	46	20	34	41	45	44	28	44
0	108	0	87	34	92	0	112	0	101	0	103	0	102
0	104	0	105	29	69	0	102	0	95	0	96	0	86
0	109	0	111	42	98	0	93	0	118	0	88	0	78
0	111	0	88	42	76	0	77	0	95	0	78	0	98
0	58	0	84	27	56	0	69	0	66	0	82	0	72
0	114	0	107	39	76	0	109	0	92	0	100	0	101
0	110	0	98	31	68	0	103	0	104	0	97	0	116
0	99	0	117	31	72	0	96	0	88	0	96	0	95
43	54	32	73	6	103	33	49	30	68	37	69	27	75
43	30	27	67	1	103	39	63	31	66	27	59	25	78
48	0	37	40	5	86	32	22	35	36	38	48	25	43
47	38	29	84	11	96	46	65	24	86	35	76	33	82
61	54	26	77	6	131	31	64	36	61	23	81	33	69
50	68	36	76	8	95	58	63	23	55	54	54	34	85
47	40	29	65	1	82	39	43	26	70	34	74	34	86
40	0	29	37	4	39	53	23	35	37	33	40	36	42
0	115	0	115	0	101	43	60	0	122	0	94	0	88
0	94	0	83	0	102	33	46	0	101	0	107	0	85
0	95	0	97	0	95	38	58	0	99	0	115	0	89
0	93	0	95	0	73	46	71	0	101	0	117	0	98
36	15	38	46	4	37	0	55	25	40	28	42	28	42
38	70	33	63	4	90	0	85	19	75	31	68	35	71
33	58	29	68	6	79	0	93	25	74	41	75	27	70
37	11	39	29	5	88	0	61	22	35	38	39	22	44
30	65	38	74	3	123	0	104	29	61	26	75	19	61
43	13	32	43	6	48	0	61	39	47	21	41	27	39
29	76	26	72	6	101	0	104	29	64	38	56	30	67
44	55	29	69	4	97	0	95	37	64	62	64	31	57
27	9	29	42	5	48	0	65	21	46	22	28	30	44
28	19	34	40	6	74	0	63	45	53	27	45	33	37
0	110	8	90	0	108	0	96	25	84	14	75	0	97
0	90	7	84	0	86	0	98	20	71	18	109	0	105
0	96	12	78	0	89	0	117	26	76	25	92	0	111
0	116	11	101	0	142	0	91	25	87	22	99	0	108
0	46	9	69	0	54	0	67	18	41	32	44	0	81
0	52	0	65	0	63	0	65	0	74	14	54	0	72
0	85	0	106	0	132	0	90	0	94	15	76	0	91
0	86	0	92	0	96	0	115	0	80	19	58	0	102
0	94	0	96	0	84	0	106	0	101	18	83	0	96
0	88	0	92	0	102	0	126	0	97	27	96	0	94
0	94	0	117	0	112	0	98	0	107	17	67	0	100
0	103	0	113	0	110	0	100	0	105	19	91	0	96
0	117	8	83	0	101	0	110	25	90	0	97	0	93
0	85	12	110	0	81	0	100	20	70	0	101	0	92
0	95	6	92	0	99	0	107	20	82	0	117	0	89
0	100	6	96	0	117	0	103	16	93	0	111	0	92
0	86	11	80	0	121	0	100	19	72	0	117	0	94
0	94	7	90	0	96	0	104	22	75	0	111	0	106
0	89	9	92	0	87	0	97	28	73	0	106	0	105
0	38	12	58	0	49	0	68	13	58	0	81	0	59
