R4:alt	R4:ref	R5:alt	R5:ref	R6:alt	R6:ref	R7:alt	R7:ref	R1:alt	R1:ref	R2:alt	R2:ref	R3:alt	R3:ref
56	49	36	58	59	49	40	61	39	69	25	74	28	75
51	41	32	61	49	39	38	63	26	58	33	79	20	76
42	68	23	88	60	46	46	68	31	71	35	71	32	58
49	48	25	68	41	46	45	65	36	69	27	82	27	66
49	42	39	66	48	51	38	70	24	69	29	68	31	62
50	46	26	72	64	39	49	58	43	62	30	87	35	50
55	49	37	72	35	43	35	54	28	80	21	61	32	63
49	54	36	63	56	46	48	62	31	75	24	70	34	73
0	107	0	103	18	85	0	99	0	96	0	107	0	79
0	93	0	85	41	64	0	92	0	101	0	122	0	113
0	88	0	98	33	72	0	95	0	111	0	106	0	102
0	107	0	110	31	70	0	93	0	91	0	114	0	106
0	99	0	101	29	79	0	108	0	109	0	86	0	109
0	75	0	105	30	60	0	112	0	99	0	98	0	82
0	111	0	92	35	53	0	101	0	100	0	88	0	91
0	105	0	90	31	81	0	85	0	84	0	95	0	97
0	95	0	105	35	69	0	100	0	122	0	121	0	87
51	70	27	80	4	105	45	57	27	61	36	91	27	69
45	62	43	60	10	89	49	75	56	42	57	53	36	58
56	51	34	60	3	91	48	56	26	67	20	70	27	60
0	56	0	70	0	45	46	13	0	87	0	74	0	82
0	114	0	94	0	90	41	58	0	101	0	101	0	94
0	43	0	72	0	58	36	15	0	84	0	62	0	56
0	109	0	98	0	90	52	57	0	110	0	112	0	88
0	95	0	100	0	89	37	65	0	105	0	103	0	92
49	67	36	72	5	101	0	101	25	75	33	86	30	68
45	52	44	65	8	93	0	96	52	42	51	51	27	61
43	56	31	79	2	112	0	106	40	62	29	56	27	80
44	51	26	82	4	82	0	120	30	74	27	54	31	65
36	59	36	67	3	97	0	108	26	82	26	61	24	65
32	63	27	64	4	90	0	80	25	69	24	70	30	78
40	64	17	85	3	77	0	109	9	76	4	87	30	70
44	7	27	43	2	40	0	52	27	29	28	38	24	43
0	112	11	89	0	100	0	83	21	81	16	103	0	99
0	95	15	82	0	102	0	117	23	64	21	114	0	99
0	47	6	58	0	51	0	58	18	41	24	62	0	66
0	99	10	101	0	94	0	103	14	82	36	85	0	120
0	101	3	89	0	100	0	112	20	68	25	80	0	103
0	120	9	81	0	102	0	92	20	99	19	85	0	92
0	99	22	79	0	96	0	91	35	68	56	67	0	88
0	111	6	109	0	107	0	117	20	90	19	86	0	117
0	101	8	88	0	97	0	98	28	78	16	124	0	91
0	113	16	104	0	97	0	121	11	80	38	74	0	76
0	100	0	98	0	105	0	82	0	83	26	71	0	92
0	119	0	89	0	109	0	108	0	95	22	82	0	115
0	101	0	86	0	100	0	104	0	104	15	104	0	97
0	93	11	100	0	82	0	88	19	84	0	102	0	100
0	98	11	97	0	92	0	88	21	85	0	85	0	105
0	115	11	88	0	110	0	104	20	80	0	102	0	104
0	90	12	78	0	109	0	99	22	97	0	103	0	82
0	105	4	89	0	101	0	122	21	72	0	124	0	99
0	98	5	67	0	97	0	116	22	82	0	93	0	102
0	110	6	90	0	100	0	96	20	79	0	103	0	89
0	105	14	103	0	85	0	99	16	76	0	88	0	111
