R4:alt	R4:ref	R5:alt	R5:ref	R6:alt	R6:ref	R7:alt	R7:ref	R1:alt	R1:ref	R2:alt	R2:ref	R3:alt	R3:ref
51	33	24	65	49	42	45	56	9	103	11	94	22	81
48	56	28	77	50	51	29	53	30	56	34	73	35	71
52	52	22	80	57	53	33	54	10	79	14	74	23	82
0	94	0	110	29	77	0	118	0	91	0	96	0	102
0	90	0	91	41	72	0	107	0	86	0	63	0	125
0	111	0	102	32	66	0	96	0	118	0	88	0	87
0	96	0	103	31	77	0	116	0	94	0	63	0	118
0	100	0	96	30	58	0	111	0	90	0	94	0	94
0	83	0	93	28	68	0	108	0	97	0	108	0	105
0	110	0	96	26	68	0	96	0	105	0	105	0	104
0	111	0	106	17	57	0	83	0	121	0	104	0	96
54	54	26	70	3	99	43	64	39	65	30	75	36	76
44	50	24	68	4	92	35	43	23	81	21	72	21	97
49	47	45	66	4	106	46	56	42	47	31	61	26	66
56	50	33	66	5	83	45	60	46	58	45	52	24	76
56	45	20	70	5	84	31	53	8	91	24	70	30	71
0	106	0	82	0	102	40	67	0	92	0	101	0	107
0	95	0	108	0	102	42	66	0	109	0	90	0	85
0	106	0	96	0	82	46	42	0	86	0	97	0	80
0	98	0	104	0	85	35	59	0	94	0	98	0	108
0	84	0	98	0	111	44	64	0	107	0	78	0	92
0	106	0	86	0	97	45	65	0	107	0	90	0	94
0	103	0	95	0	98	40	58	0	99	0	102	0	95
0	99	0	118	0	93	39	58	0	105	0	111	0	95
36	58	31	70	5	92	0	99	24	75	35	64	23	80
38	52	25	77	6	105	0	96	34	69	25	66	41	78
51	67	19	63	6	103	0	87	7	90	36	64	33	82
0	107	7	85	0	97	0	100	14	79	15	86	0	111
0	93	7	85	0	78	0	98	26	87	18	87	0	92
0	101	9	90	0	105	0	98	16	76	21	75	0	108
0	88	0	88	0	89	0	111	0	89	13	98	0	97
0	109	0	106	0	80	0	102	0	82	29	71	0	102
0	101	0	85	0	88	0	99	0	91	24	72	0	100
0	102	0	95	0	106	0	111	0	112	14	75	0	106
0	99	0	98	0	113	0	96	0	94	16	89	0	92
0	98	0	108	0	91	0	120	0	104	18	84	0	84
0	88	0	119	0	87	0	86	0	111	19	67	0	88
0	109	10	92	0	105	0	101	21	80	0	110	0	119
0	105	5	103	0	98	0	98	22	71	0	93	0	106
0	87	10	93	0	103	0	113	20	80	0	103	0	96
0	97	8	94	0	115	0	102	15	75	0	114	0	103
0	105	14	98	0	90	0	111	22	68	0	96	0	119
0	110	5	91	0	101	0	101	16	84	0	118	0	95
0	104	11	100	0	98	0	103	17	86	0	91	0	98
0	80	6	97	0	93	0	112	21	72	0	112	0	100
0	112	13	92	0	109	0	104	23	87	0	91	0	96
