R4:alt	R4:ref	R5:alt	R5:ref	R6:alt	R6:ref	R7:alt	R7:ref	R1:alt	R1:ref	R2:alt	R2:ref	R3:alt	R3:ref
62	46	32	67	66	66	43	59	32	69	30	64	34	92
41	45	31	70	41	68	37	75	32	58	29	74	32	75
49	57	35	82	57	52	37	51	26	89	25	81	21	68
0	54	0	68	41	42	0	63	0	79	0	70	0	71
0	62	0	72	48	52	0	67	0	71	0	70	0	61
43	52	29	71	44	43	46	57	27	72	23	77	31	69
54	48	42	77	50	42	42	70	32	84	32	71	27	68
0	53	0	82	55	56	0	55	0	67	0	66	0	54
47	51	33	60	52	54	45	55	30	80	33	75	19	63
61	60	37	78	47	50	44	58	40	71	20	66	27	62
0	102	0	105	30	71	0	104	0	105	0	77	0	96
0	115	0	93	26	61	0	104	0	87	0	95	0	98
0	114	0	112	25	63	0	100	0	90	0	118	0	119
0	54	0	63	30	74	0	75	0	72	0	73	0	86
0	86	0	111	34	70	0	108	0	93	0	90	0	91
0	76	0	109	20	76	0	107	0	100	0	90	0	92
0	92	0	90	32	74	0	114	0	101	0	100	0	101
0	87	0	96	21	75	0	86	0	88	0	100	0	108
33	43	26	78	3	86	46	53	37	83	32	77	24	82
56	0	34	46	3	90	52	23	25	49	29	38	31	40
40	56	30	66	4	84	29	70	32	74	28	78	34	64
47	45	35	61	3	104	35	54	32	71	31	68	28	67
45	44	16	49	5	92	41	56	27	55	28	57	27	66
0	103	0	109	0	105	40	74	0	83	0	101	0	108
0	102	0	98	0	103	0	95	0	104	0	93	0	109
0	90	0	97	0	93	85	20	0	106	0	94	0	108
0	99	0	93	0	109	44	65	0	99	0	119	0	95
0	113	0	108	0	91	0	98	0	101	0	122	0	97
0	112	0	93	0	121	44	59	0	105	0	117	0	123
0	112	0	87	0	112	41	56	0	91	0	103	0	108
0	80	0	92	0	97	37	63	0	96	0	140	0	98
0	85	0	104	0	109	37	53	0	109	0	95	0	108
36	9	24	41	5	80	0	45	32	35	37	41	25	37
37	55	34	60	4	95	0	91	28	66	22	65	29	67
36	64	43	60	5	89	0	92	43	65	20	58	23	76
34	61	29	51	9	107	0	84	25	52	24	65	32	69
53	8	28	41	7	76	0	65	27	33	32	46	37	36
43	47	30	82	6	103	0	100	23	71	38	86	30	72
35	46	31	81	7	91	0	86	34	59	43	74	29	63
41	65	37	75	4	96	0	99	35	72	30	62	31	57
45	51	29	73	4	76	0	94	29	77	31	82	30	68
43	50	27	67	2	102	0	110	21	73	30	66	24	69
0	98	21	94	0	92	0	111	43	99	25	84	0	99
0	106	19	79	0	98	0	90	40	75	17	82	0	117
0	103	8	104	0	122	0	98	17	83	15	85	0	101
0	83	9	94	0	99	0	89	19	100	18	89	0	98
0	90	9	86	0	114	0	99	18	83	20	84	0	104
0	97	0	108	0	90	0	108	0	94	18	74	0	85
0	99	0	91	0	94	0	93	0	96	16	91	0	101
0	105	0	98	0	111	0	106	0	97	27	75	0	91
0	58	0	94	0	90	0	73	0	74	14	60	0	63
0	114	0	91	0	102	0	94	0	94	9	90	0	112
0	96	0	106	0	90	0	114	0	116	22	72	0	103
0	54	0	76	0	86	0	73	0	70	16	57	0	66
0	45	9	55	0	90	0	63	13	44	0	71	0	61
0	117	7	95	0	83	0	100	14	94	0	99	0	115
0	97	10	90	0	100	0	87	15	96	0	92	0	110
0	103	15	105	0	79	0	92	17	75	0	91	0	113
0	62	7	63	0	93	0	54	18	49	0	85	0	59
0	107	8	102	0	104	0	114	14	75	0	88	0	104
0	92	12	98	0	104	0	104	21	90	0	96	0	107
0	82	10	92	0	87	0	103	24	81	0	87	0	106
