R4:alt	R4:ref	R5:alt	R5:ref	R6:alt	R6:ref	R7:alt	R7:ref	R1:alt	R1:ref	R2:alt	R2:ref	R3:alt	R3:ref
41	39	27	67	61	58	0	59	40	74	29	60	33	64
43	53	42	67	46	37	39	61	59	71	30	79	27	62
42	39	28	61	37	46	33	60	27	63	30	61	34	71
50	60	40	69	56	49	53	59	20	65	35	71	33	81
43	53	32	67	55	58	34	66	28	57	30	49	30	63
52	34	16	76	55	55	40	62	10	93	6	90	41	66
42	42	20	76	55	37	45	57	29	67	39	58	22	71
70	53	35	75	52	46	40	60	26	82	22	76	33	66
41	49	27	53	50	51	43	21	27	71	29	75	29	71
44	54	18	55	52	53	37	64	14	58	13	69	37	53
0	97	0	94	34	57	0	117	0	109	0	88	0	97
0	101	0	86	28	54	0	101	0	68	0	82	0	109
0	90	0	103	20	78	0	103	0	76	0	75	0	114
0	99	0	105	21	81	0	114	0	98	0	96	0	87
0	91	0	113	27	63	0	107	0	110	0	95	0	107
0	101	0	87	35	84	0	91	0	72	0	88	0	99
0	95	0	96	34	71	0	90	0	106	0	97	0	109
57	51	29	77	10	95	38	65	37	85	23	68	36	74
65	52	29	60	6	90	37	72	31	85	34	78	32	75
48	51	32	72	8	83	37	61	21	75	32	71	35	55
44	56	30	60	7	101	31	59	22	78	39	67	23	68
51	46	13	77	4	97	29	67	8	90	7	84	18	79
44	40	28	76	1	108	41	51	39	70	39	82	38	67
51	58	20	62	8	89	43	60	11	78	12	73	30	65
0	92	0	86	0	100	40	74	0	88	0	94	0	88
0	112	0	90	0	97	42	67	0	93	0	103	0	97
0	94	0	97	0	104	33	67	0	92	0	106	0	113
0	108	0	81	0	97	33	47	0	98	0	104	0	85
39	62	28	80	6	85	0	91	32	72	33	59	30	73
42	48	34	68	2	101	0	90	21	67	31	86	31	71
39	56	36	67	3	101	0	97	27	50	34	68	34	84
43	58	30	80	2	87	0	102	31	77	35	61	27	59
38	57	29	85	4	92	0	103	59	70	30	72	31	63
35	60	26	68	6	99	0	112	32	68	28	66	33	70
45	66	32	68	4	77	0	91	36	85	39	65	30	75
0	108	11	78	0	111	0	85	21	88	27	79	0	94
0	113	8	98	0	82	0	112	20	74	22	77	0	81
0	86	11	98	0	89	0	120	19	82	14	87	0	111
0	89	0	117	0	102	0	95	0	126	18	84	0	106
0	86	0	95	0	97	0	108	0	103	18	74	0	109
0	87	0	101	0	106	0	99	0	99	23	78	0	95
0	97	0	96	0	89	0	99	0	104	22	70	0	97
0	98	0	114	0	107	0	71	0	89	17	71	0	103
0	101	0	119	0	88	0	97	0	99	16	76	0	83
0	102	0	91	0	95	0	101	0	101	23	77	0	112
0	79	14	84	0	110	0	85	19	62	0	112	0	102
0	84	7	88	0	88	0	93	19	82	0	94	0	102
0	83	12	82	0	111	0	99	18	49	0	81	0	116
